-8300	1
-8204	1
-7968	1
-7847	1
-7611	1
-7545	1
-7537	1
-7402	1
-7388	1
-7302	1
-7254	1
-7227	1
-7220	1
-7146	1
-7137	1
-7075	1
-7027	1
-6936	1
-6847	1
-6830	1
-6785	1
-6713	1
-6692	1
-6620	1
-6608	1
-6593	1
-6590	1
-6573	1
-6560	1
-6533	1
-6517	1
-6468	1
-6443	1
-6384	1
-6383	1
-6370	1
-6335	1
-6301	1
-6280	1
-6271	1
-6267	1
-6227	1
-6220	1
-6213	1
-6192	1
-6164	1
-6143	1
-6134	1
-6094	1
-6055	1
-6050	1
-6047	1
-6031	1
-6021	1
-6011	1
-5993	1
-5990	1
-5986	1
-5963	1
-5957	1
-5918	1
-5893	1
-5876	1
-5845	1
-5837	2
-5824	1
-5818	1
-5807	1
-5804	1
-5797	1
-5795	1
-5785	1
-5773	1
-5765	1
-5763	1
-5745	1
-5744	1
-5743	1
-5717	1
-5714	2
-5710	1
-5695	1
-5665	1
-5656	1
-5652	1
-5650	1
-5616	1
-5606	1
-5586	1
-5582	1
-5571	1
-5558	1
-5534	1
-5505	1
-5502	1
-5467	1
-5458	1
-5455	1
-5451	1
-5445	1
-5444	1
-5440	1
-5422	1
-5419	1
-5408	1
-5405	1
-5402	1
-5342	1
-5336	1
-5323	1
-5294	1
-5281	1
-5275	2
-5272	1
-5261	1
-5239	1
-5234	1
-5233	1
-5232	1
-5231	1
-5228	1
-5226	1
-5222	2
-5214	1
-5202	1
-5198	1
-5193	1
-5192	1
-5176	1
-5171	1
-5147	1
-5146	1
-5131	1
-5127	1
-5120	1
-5116	1
-5105	1
-5104	1
-5093	1
-5081	1
-5062	1
-5056	1
-5052	1
-5051	1
-5045	1
-5024	1
-5020	1
-5019	1
-5010	1
-5003	1
-5001	1
-4999	1
-4995	1
-4994	1
-4993	1
-4992	1
-4978	1
-4973	1
-4965	1
-4951	1
-4940	1
-4936	1
-4935	1
-4926	1
-4924	1
-4918	1
-4913	1
-4901	1
-4897	1
-4893	1
-4886	1
-4879	1
-4875	1
-4869	1
-4860	2
-4857	1
-4856	1
-4855	1
-4844	1
-4838	1
-4837	1
-4833	1
-4832	2
-4826	1
-4816	3
-4813	1
-4808	2
-4805	1
-4802	1
-4799	2
-4792	1
-4788	1
-4781	1
-4767	1
-4764	1
-4749	1
-4747	1
-4744	1
-4742	1
-4736	1
-4735	1
-4726	3
-4724	1
-4723	1
-4718	1
-4703	1
-4695	1
-4691	1
-4690	1
-4684	1
-4671	1
-4670	1
-4666	1
-4665	1
-4663	1
-4660	1
-4646	1
-4631	2
-4628	1
-4620	2
-4614	1
-4606	1
-4594	2
-4592	1
-4589	1
-4587	1
-4584	1
-4575	1
-4572	1
-4570	1
-4567	1
-4565	1
-4560	1
-4553	4
-4549	1
-4547	1
-4545	1
-4540	1
-4539	1
-4532	1
-4531	1
-4520	1
-4517	2
-4513	1
-4512	2
-4504	1
-4503	1
-4498	1
-4497	1
-4496	1
-4488	1
-4487	1
-4479	1
-4476	1
-4475	1
-4470	2
-4458	1
-4452	1
-4451	1
-4445	1
-4438	1
-4437	2
-4435	1
-4433	1
-4431	1
-4428	1
-4415	2
-4413	1
-4411	1
-4409	2
-4404	1
-4402	1
-4401	2
-4398	1
-4397	2
-4394	1
-4392	2
-4391	1
-4386	2
-4385	1
-4378	1
-4373	2
-4370	1
-4365	2
-4362	2
-4361	1
-4356	1
-4352	1
-4351	2
-4349	2
-4346	1
-4345	1
-4343	1
-4337	1
-4336	1
-4334	1
-4332	2
-4329	2
-4325	1
-4320	1
-4319	1
-4317	1
-4315	2
-4313	1
-4312	1
-4311	1
-4309	1
-4306	1
-4304	1
-4303	1
-4301	1
-4300	2
-4296	1
-4293	1
-4291	1
-4285	1
-4280	1
-4278	1
-4277	1
-4273	1
-4268	1
-4263	1
-4259	1
-4258	1
-4257	1
-4256	1
-4255	2
-4254	1
-4252	2
-4250	1
-4246	1
-4243	1
-4242	1
-4238	1
-4234	2
-4232	1
-4227	2
-4226	1
-4222	1
-4220	1
-4215	1
-4213	2
-4211	1
-4209	1
-4208	1
-4202	1
-4201	1
-4200	1
-4199	2
-4198	1
-4193	1
-4178	2
-4177	1
-4174	1
-4173	1
-4168	1
-4164	1
-4163	1
-4161	2
-4157	1
-4156	2
-4155	1
-4153	1
-4151	1
-4150	1
-4149	1
-4144	1
-4143	1
-4142	1
-4140	1
-4137	1
-4135	1
-4134	2
-4132	1
-4131	1
-4127	2
-4125	1
-4122	1
-4121	1
-4120	1
-4118	2
-4117	1
-4115	1
-4114	1
-4113	1
-4108	1
-4107	1
-4106	1
-4105	2
-4102	1
-4101	1
-4096	2
-4095	2
-4094	1
-4092	2
-4089	1
-4087	1
-4086	1
-4083	1
-4081	2
-4080	1
-4079	1
-4078	3
-4076	2
-4074	1
-4071	2
-4067	2
-4062	1
-4058	2
-4052	1
-4050	1
-4049	1
-4048	2
-4046	1
-4044	2
-4043	1
-4040	1
-4038	1
-4036	1
-4035	2
-4034	2
-4031	1
-4030	2
-4025	2
-4024	1
-4023	1
-4019	1
-4018	1
-4017	1
-4015	1
-4014	1
-4010	1
-4008	2
-4006	1
-4004	2
-4002	1
-4001	2
-3998	1
-3995	1
-3987	1
-3983	1
-3982	2
-3981	1
-3979	1
-3976	3
-3973	1
-3972	1
-3970	2
-3969	1
-3967	1
-3966	2
-3962	1
-3961	3
-3959	1
-3958	2
-3957	2
-3956	1
-3954	2
-3953	1
-3952	1
-3950	1
-3947	1
-3945	1
-3942	1
-3941	1
-3940	2
-3937	1
-3935	1
-3934	1
-3930	1
-3929	1
-3925	4
-3924	1
-3923	1
-3922	1
-3921	1
-3918	1
-3917	1
-3916	1
-3915	1
-3913	1
-3911	2
-3910	1
-3909	1
-3908	1
-3907	2
-3905	1
-3903	2
-3902	2
-3901	1
-3898	1
-3896	2
-3895	2
-3894	2
-3893	1
-3892	2
-3891	1
-3886	1
-3885	1
-3883	1
-3881	1
-3874	2
-3873	1
-3872	1
-3870	1
-3869	2
-3868	1
-3863	1
-3862	1
-3861	1
-3860	1
-3858	1
-3854	2
-3852	1
-3851	3
-3850	1
-3849	1
-3848	1
-3847	1
-3840	1
-3839	1
-3838	1
-3837	1
-3835	1
-3834	2
-3833	2
-3827	2
-3826	1
-3823	1
-3822	1
-3821	2
-3818	1
-3817	2
-3816	1
-3815	2
-3813	1
-3812	2
-3811	1
-3810	2
-3808	1
-3804	1
-3803	1
-3802	2
-3800	1
-3798	1
-3796	2
-3794	1
-3791	4
-3790	1
-3788	1
-3787	2
-3786	1
-3785	3
-3779	2
-3777	2
-3776	2
-3775	2
-3774	1
-3773	1
-3771	1
-3765	1
-3763	3
-3759	1
-3757	1
-3756	3
-3754	3
-3753	1
-3752	2
-3751	2
-3750	4
-3749	1
-3748	1
-3747	2
-3746	1
-3745	2
-3744	2
-3743	2
-3741	1
-3738	1
-3736	1
-3735	2
-3730	1
-3729	2
-3728	3
-3727	2
-3726	2
-3724	2
-3723	1
-3722	2
-3719	2
-3718	1
-3716	2
-3715	2
-3714	2
-3710	1
-3709	2
-3708	1
-3707	2
-3705	2
-3699	1
-3696	1
-3695	3
-3693	1
-3690	3
-3688	1
-3686	1
-3685	2
-3684	1
-3683	1
-3682	1
-3681	1
-3680	1
-3678	1
-3677	2
-3676	2
-3674	2
-3673	3
-3672	3
-3671	1
-3670	1
-3668	1
-3666	1
-3665	4
-3664	1
-3663	5
-3662	2
-3658	4
-3655	1
-3654	1
-3653	2
-3652	1
-3651	3
-3650	1
-3649	1
-3646	2
-3645	1
-3644	3
-3643	2
-3641	2
-3640	1
-3639	1
-3638	1
-3635	3
-3634	2
-3632	1
-3631	1
-3630	3
-3629	2
-3628	1
-3627	1
-3626	2
-3624	2
-3621	1
-3620	1
-3618	1
-3617	1
-3615	2
-3614	3
-3613	2
-3612	2
-3610	2
-3609	3
-3606	1
-3600	2
-3599	2
-3598	1
-3596	1
-3595	3
-3594	1
-3592	1
-3590	1
-3589	2
-3588	1
-3585	2
-3584	1
-3583	3
-3582	3
-3581	3
-3580	2
-3577	1
-3576	2
-3575	1
-3571	1
-3570	3
-3569	2
-3568	1
-3567	2
-3566	1
-3564	1
-3563	1
-3561	1
-3559	2
-3557	2
-3555	1
-3554	2
-3553	4
-3552	1
-3551	3
-3550	5
-3548	2
-3546	3
-3545	2
-3544	2
-3543	1
-3542	1
-3540	2
-3539	2
-3537	1
-3535	2
-3534	1
-3532	1
-3531	1
-3530	3
-3529	2
-3528	2
-3527	3
-3525	2
-3522	3
-3521	1
-3520	1
-3519	2
-3517	2
-3513	1
-3510	2
-3508	2
-3507	1
-3505	2
-3504	3
-3503	1
-3501	2
-3500	1
-3498	2
-3497	1
-3496	1
-3495	1
-3494	2
-3493	3
-3492	3
-3490	1
-3489	4
-3488	1
-3487	2
-3486	2
-3485	2
-3484	3
-3482	1
-3480	1
-3474	1
-3473	3
-3472	1
-3470	2
-3468	2
-3467	1
-3464	2
-3463	1
-3462	2
-3461	2
-3460	1
-3457	1
-3456	1
-3455	2
-3454	2
-3452	3
-3450	2
-3448	1
-3447	2
-3446	1
-3445	1
-3443	3
-3442	1
-3440	1
-3439	1
-3438	3
-3437	1
-3436	3
-3434	1
-3433	1
-3432	2
-3430	2
-3429	2
-3428	2
-3427	2
-3426	4
-3424	2
-3423	2
-3422	2
-3421	3
-3420	3
-3419	2
-3418	4
-3417	4
-3416	2
-3415	2
-3414	3
-3411	1
-3410	2
-3409	3
-3408	1
-3407	1
-3406	1
-3404	1
-3402	1
-3401	1
-3400	3
-3398	1
-3397	2
-3396	1
-3395	3
-3394	2
-3393	1
-3392	2
-3391	1
-3390	1
-3387	3
-3386	1
-3385	2
-3383	1
-3382	1
-3381	1
-3380	2
-3379	3
-3378	3
-3377	1
-3376	2
-3374	3
-3373	2
-3372	2
-3371	1
-3369	2
-3366	2
-3365	1
-3364	2
-3363	3
-3362	2
-3361	3
-3360	1
-3359	3
-3358	2
-3356	5
-3355	1
-3354	1
-3353	2
-3352	6
-3349	1
-3348	3
-3347	5
-3346	1
-3345	2
-3344	2
-3342	3
-3341	3
-3338	1
-3337	1
-3335	2
-3333	2
-3332	1
-3331	4
-3330	1
-3329	1
-3327	1
-3326	1
-3325	1
-3324	1
-3323	3
-3322	4
-3321	2
-3320	2
-3319	4
-3318	1
-3317	2
-3316	2
-3315	2
-3314	1
-3313	4
-3312	2
-3311	2
-3310	1
-3309	3
-3308	3
-3307	2
-3306	3
-3304	2
-3303	2
-3302	6
-3301	3
-3300	3
-3299	4
-3298	5
-3297	5
-3296	1
-3295	3
-3294	1
-3293	1
-3291	1
-3290	2
-3289	1
-3288	6
-3287	2
-3286	1
-3282	2
-3281	3
-3280	1
-3279	1
-3278	1
-3277	5
-3276	4
-3275	1
-3274	2
-3273	1
-3272	6
-3271	2
-3270	1
-3268	4
-3267	2
-3266	3
-3265	1
-3264	2
-3263	1
-3262	1
-3261	2
-3260	2
-3259	1
-3258	2
-3257	4
-3256	2
-3255	1
-3254	2
-3253	3
-3252	2
-3251	2
-3249	1
-3248	2
-3247	1
-3246	1
-3245	2
-3244	3
-3243	3
-3242	3
-3241	3
-3240	2
-3239	1
-3238	3
-3237	3
-3235	3
-3233	2
-3231	2
-3230	2
-3229	3
-3228	3
-3227	5
-3226	1
-3225	2
-3224	5
-3223	3
-3222	2
-3221	3
-3220	2
-3219	2
-3218	3
-3217	3
-3216	1
-3215	5
-3214	1
-3213	2
-3212	4
-3211	3
-3210	5
-3209	3
-3208	6
-3207	6
-3204	2
-3203	3
-3202	1
-3200	2
-3199	1
-3198	1
-3197	2
-3196	5
-3195	1
-3194	1
-3193	3
-3191	2
-3190	1
-3189	3
-3188	4
-3187	3
-3186	5
-3185	3
-3184	3
-3183	3
-3182	3
-3181	2
-3180	1
-3179	4
-3178	2
-3176	3
-3175	2
-3174	2
-3172	3
-3171	2
-3170	5
-3169	5
-3168	3
-3167	6
-3166	2
-3163	3
-3162	2
-3161	1
-3160	1
-3159	1
-3158	3
-3157	4
-3155	7
-3154	3
-3153	1
-3151	1
-3150	2
-3149	2
-3148	3
-3147	2
-3146	2
-3145	2
-3144	2
-3143	1
-3142	2
-3141	3
-3140	4
-3139	2
-3138	5
-3137	3
-3136	2
-3135	6
-3134	1
-3133	2
-3132	2
-3131	2
-3130	1
-3129	1
-3128	2
-3127	2
-3126	2
-3125	2
-3124	3
-3123	2
-3122	2
-3121	5
-3120	3
-3119	4
-3118	1
-3117	5
-3116	2
-3115	2
-3114	1
-3112	3
-3111	1
-3110	3
-3109	3
-3108	2
-3107	2
-3106	3
-3105	1
-3104	1
-3103	2
-3102	1
-3101	2
-3100	4
-3099	1
-3098	5
-3097	1
-3096	2
-3095	3
-3094	5
-3093	2
-3092	2
-3091	4
-3090	1
-3089	4
-3088	3
-3087	2
-3086	3
-3085	1
-3084	4
-3083	1
-3082	4
-3081	3
-3080	5
-3079	1
-3078	4
-3077	2
-3076	5
-3075	4
-3074	2
-3073	3
-3072	2
-3071	3
-3070	1
-3069	3
-3068	3
-3067	1
-3066	1
-3065	1
-3064	3
-3063	1
-3062	6
-3061	1
-3060	2
-3059	3
-3058	7
-3057	6
-3056	1
-3055	4
-3054	6
-3053	3
-3052	2
-3051	1
-3050	4
-3049	1
-3048	1
-3047	4
-3046	4
-3045	4
-3044	4
-3043	1
-3042	4
-3041	4
-3040	3
-3039	6
-3038	3
-3037	3
-3036	3
-3035	3
-3034	4
-3033	5
-3032	4
-3031	2
-3030	3
-3029	5
-3028	2
-3027	1
-3026	3
-3025	4
-3023	4
-3022	6
-3021	1
-3020	5
-3019	4
-3018	4
-3017	1
-3016	7
-3015	7
-3014	2
-3013	6
-3012	2
-3011	2
-3010	5
-3009	1
-3008	2
-3007	1
-3006	2
-3005	6
-3004	6
-3003	2
-3002	1
-3001	1
-3000	2
-2999	3
-2998	2
-2997	1
-2996	2
-2995	6
-2994	1
-2993	4
-2992	6
-2991	3
-2990	3
-2989	2
-2988	3
-2987	3
-2986	5
-2985	3
-2984	3
-2983	2
-2982	3
-2981	5
-2980	1
-2979	2
-2978	7
-2977	2
-2975	5
-2974	3
-2973	1
-2972	4
-2971	6
-2970	1
-2969	8
-2968	2
-2967	6
-2966	3
-2965	4
-2964	6
-2963	6
-2962	3
-2961	5
-2960	3
-2959	7
-2958	3
-2957	5
-2956	3
-2955	4
-2954	3
-2953	5
-2952	9
-2951	5
-2950	2
-2949	3
-2948	3
-2947	3
-2946	1
-2945	2
-2944	1
-2943	8
-2942	5
-2941	4
-2940	8
-2939	3
-2938	2
-2937	5
-2936	4
-2935	2
-2934	2
-2933	4
-2932	3
-2931	4
-2930	7
-2929	8
-2928	4
-2927	4
-2926	4
-2925	4
-2924	6
-2923	3
-2922	6
-2921	4
-2920	1
-2919	7
-2918	2
-2917	1
-2916	5
-2915	5
-2914	5
-2913	1
-2912	6
-2911	4
-2910	5
-2909	3
-2908	1
-2907	4
-2906	2
-2905	4
-2904	5
-2903	6
-2902	5
-2900	4
-2899	2
-2898	7
-2897	5
-2896	2
-2895	7
-2894	4
-2893	4
-2892	2
-2891	4
-2890	7
-2889	2
-2888	5
-2887	7
-2886	7
-2885	4
-2884	4
-2883	2
-2882	4
-2881	1
-2880	7
-2879	3
-2878	6
-2877	3
-2876	1
-2875	5
-2874	6
-2873	6
-2872	10
-2871	1
-2870	6
-2869	3
-2868	6
-2867	2
-2866	5
-2865	3
-2864	4
-2863	3
-2861	6
-2860	3
-2859	4
-2858	3
-2857	4
-2856	2
-2855	4
-2854	2
-2853	5
-2852	12
-2851	8
-2850	7
-2849	4
-2848	4
-2847	4
-2846	4
-2845	4
-2844	7
-2843	2
-2842	4
-2841	7
-2840	1
-2838	4
-2837	5
-2836	8
-2835	8
-2834	7
-2833	7
-2832	5
-2831	10
-2830	3
-2829	10
-2828	6
-2827	5
-2826	1
-2825	2
-2824	4
-2823	3
-2822	7
-2821	4
-2820	4
-2819	5
-2818	8
-2817	5
-2816	2
-2815	4
-2814	7
-2813	3
-2812	3
-2811	4
-2810	5
-2809	6
-2808	2
-2807	7
-2806	7
-2805	4
-2804	4
-2803	7
-2802	5
-2801	6
-2800	5
-2799	12
-2798	1
-2797	2
-2796	2
-2795	8
-2794	3
-2793	5
-2792	2
-2791	5
-2790	5
-2789	1
-2788	3
-2787	3
-2786	3
-2785	3
-2784	4
-2783	7
-2782	3
-2781	6
-2780	6
-2779	3
-2778	3
-2777	6
-2776	3
-2775	4
-2774	5
-2773	4
-2772	7
-2771	2
-2770	2
-2769	5
-2768	8
-2767	5
-2766	3
-2765	2
-2764	2
-2763	6
-2762	5
-2761	3
-2760	3
-2759	6
-2758	8
-2757	6
-2756	9
-2755	4
-2754	6
-2753	4
-2752	5
-2751	5
-2750	4
-2749	6
-2747	3
-2746	3
-2745	7
-2744	5
-2743	3
-2742	1
-2741	8
-2740	1
-2739	7
-2738	6
-2737	5
-2736	5
-2735	6
-2734	5
-2733	5
-2732	6
-2731	3
-2730	4
-2729	6
-2728	7
-2727	3
-2726	4
-2725	1
-2724	5
-2723	3
-2722	6
-2721	5
-2720	4
-2719	4
-2718	10
-2717	5
-2716	4
-2715	3
-2714	4
-2713	5
-2712	4
-2711	8
-2710	6
-2709	2
-2708	6
-2707	6
-2706	2
-2705	3
-2704	3
-2703	6
-2702	5
-2701	3
-2700	6
-2699	2
-2698	4
-2697	4
-2696	6
-2695	6
-2694	11
-2693	2
-2692	4
-2691	7
-2690	5
-2689	8
-2688	6
-2687	7
-2686	8
-2685	7
-2684	5
-2683	5
-2682	5
-2681	6
-2680	5
-2679	6
-2678	8
-2677	10
-2676	8
-2675	5
-2674	7
-2673	9
-2672	11
-2671	10
-2670	6
-2669	2
-2668	7
-2667	6
-2666	4
-2665	4
-2664	7
-2663	7
-2662	6
-2661	4
-2660	6
-2659	5
-2658	6
-2657	5
-2656	6
-2655	8
-2654	4
-2653	9
-2652	5
-2651	7
-2650	7
-2649	12
-2648	3
-2647	4
-2646	2
-2645	3
-2644	5
-2643	3
-2642	6
-2641	5
-2640	7
-2639	7
-2638	6
-2637	5
-2636	9
-2635	7
-2634	5
-2633	5
-2632	4
-2631	7
-2630	5
-2629	4
-2628	5
-2627	13
-2626	5
-2625	7
-2624	5
-2623	4
-2622	10
-2621	8
-2620	8
-2619	12
-2618	8
-2617	7
-2616	6
-2615	5
-2614	8
-2613	2
-2612	6
-2611	3
-2610	10
-2609	6
-2608	5
-2607	2
-2606	3
-2605	4
-2604	5
-2603	5
-2602	9
-2601	6
-2600	11
-2599	15
-2598	3
-2597	7
-2596	5
-2595	8
-2594	6
-2593	2
-2592	6
-2591	10
-2590	8
-2589	8
-2588	7
-2587	5
-2586	6
-2585	3
-2584	8
-2583	7
-2582	6
-2581	9
-2580	2
-2579	8
-2578	13
-2577	10
-2576	9
-2575	10
-2574	4
-2573	12
-2572	5
-2571	10
-2570	10
-2569	9
-2568	9
-2567	4
-2566	6
-2565	6
-2564	6
-2563	4
-2562	1
-2561	5
-2560	6
-2559	5
-2558	7
-2557	6
-2556	8
-2555	9
-2553	5
-2552	6
-2551	7
-2550	8
-2549	7
-2548	7
-2547	6
-2546	7
-2545	8
-2544	11
-2543	6
-2542	5
-2541	7
-2540	7
-2539	11
-2538	7
-2537	5
-2536	8
-2535	11
-2534	9
-2533	11
-2532	7
-2531	5
-2530	7
-2529	14
-2528	2
-2527	5
-2526	7
-2525	8
-2524	2
-2523	5
-2522	9
-2521	9
-2520	3
-2519	9
-2518	9
-2517	9
-2516	8
-2515	8
-2514	6
-2513	5
-2512	7
-2511	3
-2510	4
-2509	6
-2508	12
-2507	9
-2506	11
-2505	8
-2504	9
-2503	5
-2502	8
-2501	6
-2500	6
-2499	3
-2498	3
-2497	3
-2495	5
-2494	6
-2493	9
-2492	9
-2491	8
-2490	8
-2489	9
-2488	6
-2487	3
-2486	7
-2485	3
-2484	5
-2483	6
-2482	5
-2481	5
-2480	7
-2479	6
-2478	10
-2477	12
-2476	10
-2475	11
-2474	6
-2473	10
-2472	7
-2471	3
-2470	12
-2469	8
-2468	10
-2467	7
-2466	8
-2465	6
-2464	7
-2463	7
-2462	10
-2461	9
-2460	13
-2459	6
-2458	4
-2457	6
-2456	12
-2455	7
-2454	8
-2453	7
-2452	10
-2451	5
-2450	6
-2449	5
-2448	11
-2447	5
-2446	6
-2445	6
-2444	6
-2443	6
-2442	8
-2441	8
-2440	2
-2439	9
-2438	7
-2437	10
-2436	6
-2435	7
-2434	10
-2433	5
-2432	8
-2431	4
-2430	9
-2429	5
-2428	7
-2427	6
-2426	7
-2425	6
-2424	10
-2423	8
-2422	7
-2421	5
-2420	14
-2419	15
-2418	9
-2417	9
-2416	10
-2415	11
-2414	11
-2413	7
-2412	7
-2411	11
-2410	7
-2409	8
-2408	6
-2407	6
-2406	7
-2405	4
-2404	12
-2403	4
-2402	8
-2401	10
-2400	7
-2399	12
-2398	11
-2397	15
-2396	8
-2395	11
-2394	14
-2393	10
-2392	10
-2391	11
-2390	9
-2389	12
-2388	13
-2387	8
-2386	6
-2385	7
-2384	11
-2383	16
-2382	10
-2381	10
-2380	11
-2379	14
-2378	20
-2377	16
-2376	12
-2375	12
-2374	3
-2373	7
-2372	8
-2371	10
-2370	10
-2369	12
-2368	6
-2367	6
-2366	8
-2365	9
-2364	14
-2363	15
-2362	9
-2361	6
-2360	15
-2359	7
-2358	6
-2357	10
-2356	9
-2355	14
-2354	7
-2353	10
-2352	7
-2351	11
-2350	12
-2349	11
-2348	11
-2347	8
-2346	10
-2345	7
-2344	7
-2343	11
-2342	11
-2341	11
-2340	8
-2339	13
-2338	6
-2337	8
-2336	7
-2335	16
-2334	8
-2333	8
-2332	11
-2331	10
-2330	17
-2329	7
-2328	9
-2327	10
-2326	4
-2325	13
-2324	15
-2323	12
-2322	13
-2321	10
-2320	14
-2319	8
-2318	17
-2317	8
-2316	5
-2315	5
-2314	12
-2313	13
-2312	11
-2311	7
-2310	5
-2309	18
-2308	8
-2307	11
-2306	9
-2305	7
-2304	9
-2303	13
-2302	6
-2301	14
-2300	12
-2299	15
-2298	17
-2297	13
-2296	10
-2295	12
-2294	12
-2293	7
-2292	14
-2291	20
-2290	11
-2289	13
-2288	11
-2287	11
-2286	11
-2285	13
-2284	8
-2283	12
-2282	13
-2281	7
-2280	10
-2279	10
-2278	14
-2277	19
-2276	11
-2275	16
-2274	14
-2273	12
-2272	12
-2271	11
-2270	11
-2269	7
-2268	14
-2267	15
-2266	13
-2265	6
-2264	15
-2263	16
-2262	10
-2261	6
-2260	11
-2259	19
-2258	13
-2257	10
-2256	14
-2255	18
-2254	14
-2253	11
-2252	12
-2251	20
-2250	5
-2249	14
-2248	12
-2247	16
-2246	9
-2245	10
-2244	10
-2243	14
-2242	8
-2241	14
-2240	14
-2239	12
-2238	12
-2237	17
-2236	13
-2235	13
-2234	10
-2233	18
-2232	11
-2231	10
-2230	16
-2229	13
-2228	17
-2227	12
-2226	11
-2225	20
-2224	18
-2223	14
-2222	14
-2221	18
-2220	13
-2219	8
-2218	12
-2217	19
-2216	15
-2215	15
-2214	15
-2213	19
-2212	13
-2211	7
-2210	12
-2209	15
-2208	15
-2207	11
-2206	12
-2205	10
-2204	19
-2203	14
-2202	7
-2201	9
-2200	13
-2199	13
-2198	16
-2197	10
-2196	11
-2195	15
-2194	16
-2193	12
-2192	13
-2191	18
-2190	12
-2189	11
-2188	17
-2187	15
-2186	17
-2185	11
-2184	19
-2183	8
-2182	9
-2181	16
-2180	14
-2179	18
-2178	11
-2177	17
-2176	10
-2175	12
-2174	18
-2173	10
-2172	18
-2171	12
-2170	15
-2169	16
-2168	17
-2167	9
-2166	10
-2165	15
-2164	12
-2163	17
-2162	13
-2161	10
-2160	12
-2159	8
-2158	13
-2157	8
-2156	16
-2155	15
-2154	10
-2153	16
-2152	19
-2151	13
-2150	24
-2149	17
-2148	13
-2147	14
-2146	13
-2145	15
-2144	13
-2143	14
-2142	16
-2141	14
-2140	19
-2139	24
-2138	11
-2137	18
-2136	16
-2135	12
-2134	16
-2133	10
-2132	14
-2131	17
-2130	16
-2129	19
-2128	12
-2127	15
-2126	9
-2125	11
-2124	15
-2123	13
-2122	19
-2121	16
-2120	25
-2119	13
-2118	15
-2117	21
-2116	20
-2115	17
-2114	17
-2113	9
-2112	16
-2111	20
-2110	22
-2109	10
-2108	22
-2107	17
-2106	16
-2105	18
-2104	18
-2103	11
-2102	18
-2101	14
-2100	7
-2099	17
-2098	19
-2097	12
-2096	20
-2095	19
-2094	15
-2093	13
-2092	16
-2091	11
-2090	20
-2089	17
-2088	20
-2087	14
-2086	16
-2085	16
-2084	10
-2083	8
-2082	26
-2081	14
-2080	17
-2079	15
-2078	29
-2077	11
-2076	21
-2075	23
-2074	28
-2073	16
-2072	20
-2071	19
-2070	15
-2069	15
-2068	24
-2067	24
-2066	18
-2065	18
-2064	12
-2063	23
-2062	17
-2061	19
-2060	20
-2059	19
-2058	11
-2057	15
-2056	20
-2055	22
-2054	19
-2053	14
-2052	16
-2051	13
-2050	14
-2049	18
-2048	22
-2047	19
-2046	21
-2045	16
-2044	19
-2043	17
-2042	19
-2041	21
-2040	11
-2039	14
-2038	20
-2037	26
-2036	17
-2035	17
-2034	15
-2033	20
-2032	17
-2031	16
-2030	14
-2029	20
-2028	33
-2027	12
-2026	22
-2025	23
-2024	19
-2023	17
-2022	26
-2021	18
-2020	19
-2019	22
-2018	13
-2017	19
-2016	17
-2015	22
-2014	22
-2013	15
-2012	21
-2011	21
-2010	17
-2009	34
-2008	28
-2007	25
-2006	17
-2005	18
-2004	26
-2003	22
-2002	23
-2001	22
-2000	20
-1999	12
-1998	13
-1997	27
-1996	24
-1995	12
-1994	20
-1993	19
-1992	14
-1991	12
-1990	15
-1989	15
-1988	15
-1987	22
-1986	21
-1985	22
-1984	29
-1983	16
-1982	27
-1981	22
-1980	18
-1979	17
-1978	23
-1977	17
-1976	19
-1975	15
-1974	25
-1973	22
-1972	19
-1971	28
-1970	25
-1969	23
-1968	19
-1967	17
-1966	30
-1965	31
-1964	27
-1963	24
-1962	29
-1961	18
-1960	24
-1959	23
-1958	20
-1957	16
-1956	22
-1955	15
-1954	20
-1953	17
-1952	13
-1951	18
-1950	25
-1949	20
-1948	21
-1947	23
-1946	15
-1945	20
-1944	12
-1943	18
-1942	22
-1941	20
-1940	17
-1939	21
-1938	16
-1937	21
-1936	26
-1935	29
-1934	22
-1933	17
-1932	20
-1931	14
-1930	26
-1929	23
-1928	27
-1927	16
-1926	21
-1925	28
-1924	19
-1923	23
-1922	23
-1921	22
-1920	20
-1919	25
-1918	23
-1917	17
-1916	20
-1915	21
-1914	21
-1913	16
-1912	30
-1911	23
-1910	21
-1909	17
-1908	22
-1907	20
-1906	19
-1905	30
-1904	25
-1903	22
-1902	27
-1901	25
-1900	22
-1899	31
-1898	31
-1897	21
-1896	33
-1895	31
-1894	13
-1893	27
-1892	23
-1891	27
-1890	26
-1889	31
-1888	31
-1887	28
-1886	26
-1885	28
-1884	27
-1883	28
-1882	17
-1881	22
-1880	27
-1879	25
-1878	16
-1877	17
-1876	29
-1875	22
-1874	22
-1873	16
-1872	32
-1871	31
-1870	27
-1869	32
-1868	21
-1867	31
-1866	31
-1865	18
-1864	26
-1863	31
-1862	30
-1861	21
-1860	20
-1859	21
-1858	35
-1857	28
-1856	19
-1855	26
-1854	26
-1853	20
-1852	24
-1851	22
-1850	27
-1849	23
-1848	23
-1847	32
-1846	31
-1845	32
-1844	29
-1843	14
-1842	34
-1841	13
-1840	21
-1839	24
-1838	18
-1837	30
-1836	18
-1835	28
-1834	24
-1833	20
-1832	26
-1831	23
-1830	21
-1829	39
-1828	22
-1827	32
-1826	22
-1825	18
-1824	22
-1823	25
-1822	26
-1821	28
-1820	33
-1819	22
-1818	30
-1817	23
-1816	26
-1815	23
-1814	31
-1813	22
-1812	28
-1811	30
-1810	28
-1809	35
-1808	30
-1807	35
-1806	23
-1805	23
-1804	35
-1803	32
-1802	30
-1801	36
-1800	29
-1799	28
-1798	23
-1797	28
-1796	32
-1795	27
-1794	27
-1793	33
-1792	25
-1791	23
-1790	28
-1789	26
-1788	34
-1787	29
-1786	30
-1785	30
-1784	33
-1783	32
-1782	38
-1781	21
-1780	20
-1779	27
-1778	38
-1777	40
-1776	19
-1775	31
-1774	28
-1773	23
-1772	36
-1771	32
-1770	29
-1769	21
-1768	35
-1767	25
-1766	27
-1765	38
-1764	35
-1763	33
-1762	31
-1761	33
-1760	29
-1759	29
-1758	33
-1757	28
-1756	33
-1755	25
-1754	34
-1753	33
-1752	36
-1751	28
-1750	35
-1749	30
-1748	34
-1747	29
-1746	17
-1745	38
-1744	28
-1743	25
-1742	24
-1741	32
-1740	28
-1739	33
-1738	33
-1737	43
-1736	27
-1735	26
-1734	34
-1733	39
-1732	49
-1731	33
-1730	35
-1729	30
-1728	35
-1727	41
-1726	44
-1725	39
-1724	31
-1723	32
-1722	22
-1721	35
-1720	32
-1719	29
-1718	35
-1717	26
-1716	35
-1715	39
-1714	34
-1713	39
-1712	41
-1711	51
-1710	46
-1709	29
-1708	41
-1707	40
-1706	37
-1705	32
-1704	44
-1703	40
-1702	37
-1701	41
-1700	29
-1699	35
-1698	35
-1697	30
-1696	34
-1695	32
-1694	35
-1693	43
-1692	28
-1691	26
-1690	43
-1689	40
-1688	28
-1687	37
-1686	45
-1685	34
-1684	40
-1683	46
-1682	32
-1681	35
-1680	31
-1679	31
-1678	28
-1677	41
-1676	32
-1675	31
-1674	53
-1673	28
-1672	32
-1671	35
-1670	36
-1669	34
-1668	36
-1667	42
-1666	34
-1665	35
-1664	43
-1663	42
-1662	34
-1661	33
-1660	34
-1659	35
-1658	30
-1657	33
-1656	37
-1655	30
-1654	40
-1653	45
-1652	38
-1651	39
-1650	38
-1649	45
-1648	33
-1647	44
-1646	47
-1645	31
-1644	45
-1643	43
-1642	36
-1641	36
-1640	36
-1639	36
-1638	24
-1637	42
-1636	36
-1635	46
-1634	44
-1633	38
-1632	32
-1631	35
-1630	42
-1629	38
-1628	50
-1627	40
-1626	42
-1625	45
-1624	47
-1623	42
-1622	42
-1621	34
-1620	43
-1619	46
-1618	43
-1617	51
-1616	35
-1615	49
-1614	48
-1613	50
-1612	53
-1611	32
-1610	34
-1609	41
-1608	45
-1607	32
-1606	35
-1605	46
-1604	48
-1603	38
-1602	37
-1601	48
-1600	50
-1599	45
-1598	43
-1597	50
-1596	51
-1595	35
-1594	38
-1593	39
-1592	43
-1591	37
-1590	40
-1589	44
-1588	54
-1587	40
-1586	44
-1585	39
-1584	36
-1583	44
-1582	43
-1581	46
-1580	45
-1579	41
-1578	56
-1577	50
-1576	32
-1575	47
-1574	55
-1573	45
-1572	48
-1571	37
-1570	52
-1569	47
-1568	39
-1567	47
-1566	50
-1565	48
-1564	62
-1563	46
-1562	34
-1561	41
-1560	42
-1559	46
-1558	37
-1557	50
-1556	48
-1555	44
-1554	42
-1553	49
-1552	40
-1551	51
-1550	53
-1549	36
-1548	53
-1547	49
-1546	55
-1545	40
-1544	45
-1543	58
-1542	47
-1541	48
-1540	45
-1539	51
-1538	47
-1537	45
-1536	48
-1535	46
-1534	48
-1533	53
-1532	58
-1531	49
-1530	63
-1529	45
-1528	55
-1527	58
-1526	44
-1525	42
-1524	44
-1523	51
-1522	62
-1521	45
-1520	41
-1519	37
-1518	58
-1517	58
-1516	49
-1515	58
-1514	50
-1513	57
-1512	57
-1511	47
-1510	58
-1509	56
-1508	58
-1507	55
-1506	53
-1505	65
-1504	57
-1503	51
-1502	40
-1501	42
-1500	52
-1499	50
-1498	62
-1497	54
-1496	54
-1495	51
-1494	55
-1493	56
-1492	38
-1491	51
-1490	65
-1489	59
-1488	53
-1487	56
-1486	69
-1485	45
-1484	58
-1483	45
-1482	42
-1481	62
-1480	56
-1479	47
-1478	76
-1477	50
-1476	42
-1475	55
-1474	48
-1473	43
-1472	51
-1471	58
-1470	74
-1469	62
-1468	54
-1467	55
-1466	57
-1465	54
-1464	60
-1463	64
-1462	58
-1461	56
-1460	56
-1459	69
-1458	61
-1457	62
-1456	60
-1455	52
-1454	57
-1453	50
-1452	70
-1451	52
-1450	52
-1449	50
-1448	62
-1447	68
-1446	62
-1445	60
-1444	71
-1443	55
-1442	69
-1441	59
-1440	60
-1439	60
-1438	61
-1437	47
-1436	48
-1435	62
-1434	58
-1433	68
-1432	73
-1431	69
-1430	55
-1429	46
-1428	64
-1427	61
-1426	63
-1425	72
-1424	55
-1423	64
-1422	55
-1421	60
-1420	74
-1419	48
-1418	82
-1417	63
-1416	78
-1415	64
-1414	68
-1413	61
-1412	64
-1411	60
-1410	65
-1409	64
-1408	63
-1407	68
-1406	68
-1405	69
-1404	82
-1403	71
-1402	64
-1401	80
-1400	75
-1399	72
-1398	72
-1397	67
-1396	71
-1395	56
-1394	69
-1393	66
-1392	60
-1391	74
-1390	73
-1389	70
-1388	69
-1387	72
-1386	71
-1385	73
-1384	75
-1383	77
-1382	72
-1381	62
-1380	52
-1379	79
-1378	67
-1377	60
-1376	68
-1375	77
-1374	70
-1373	70
-1372	69
-1371	69
-1370	84
-1369	60
-1368	68
-1367	73
-1366	77
-1365	67
-1364	68
-1363	83
-1362	82
-1361	59
-1360	65
-1359	69
-1358	59
-1357	83
-1356	75
-1355	57
-1354	69
-1353	74
-1352	85
-1351	71
-1350	69
-1349	79
-1348	69
-1347	72
-1346	79
-1345	81
-1344	78
-1343	60
-1342	63
-1341	66
-1340	76
-1339	84
-1338	67
-1337	67
-1336	72
-1335	80
-1334	70
-1333	77
-1332	89
-1331	84
-1330	85
-1329	74
-1328	75
-1327	83
-1326	72
-1325	80
-1324	76
-1323	82
-1322	68
-1321	81
-1320	68
-1319	64
-1318	79
-1317	86
-1316	80
-1315	78
-1314	97
-1313	75
-1312	86
-1311	88
-1310	75
-1309	81
-1308	94
-1307	77
-1306	88
-1305	64
-1304	72
-1303	96
-1302	94
-1301	78
-1300	76
-1299	103
-1298	80
-1297	96
-1296	90
-1295	78
-1294	84
-1293	93
-1292	83
-1291	75
-1290	88
-1289	88
-1288	88
-1287	89
-1286	77
-1285	82
-1284	89
-1283	72
-1282	72
-1281	86
-1280	82
-1279	94
-1278	89
-1277	92
-1276	89
-1275	75
-1274	76
-1273	95
-1272	89
-1271	94
-1270	111
-1269	102
-1268	94
-1267	90
-1266	102
-1265	90
-1264	90
-1263	85
-1262	83
-1261	81
-1260	67
-1259	81
-1258	76
-1257	79
-1256	72
-1255	105
-1254	90
-1253	107
-1252	96
-1251	85
-1250	92
-1249	89
-1248	101
-1247	99
-1246	83
-1245	90
-1244	80
-1243	80
-1242	96
-1241	87
-1240	79
-1239	93
-1238	98
-1237	84
-1236	87
-1235	75
-1234	81
-1233	103
-1232	83
-1231	104
-1230	103
-1229	104
-1228	107
-1227	104
-1226	104
-1225	104
-1224	89
-1223	96
-1222	111
-1221	105
-1220	106
-1219	90
-1218	97
-1217	107
-1216	110
-1215	104
-1214	99
-1213	95
-1212	95
-1211	94
-1210	97
-1209	113
-1208	122
-1207	96
-1206	104
-1205	102
-1204	107
-1203	107
-1202	103
-1201	93
-1200	91
-1199	96
-1198	107
-1197	100
-1196	87
-1195	95
-1194	92
-1193	112
-1192	103
-1191	98
-1190	100
-1189	96
-1188	117
-1187	120
-1186	108
-1185	103
-1184	108
-1183	109
-1182	104
-1181	113
-1180	101
-1179	118
-1178	103
-1177	99
-1176	97
-1175	129
-1174	106
-1173	101
-1172	90
-1171	105
-1170	113
-1169	115
-1168	118
-1167	110
-1166	96
-1165	111
-1164	115
-1163	103
-1162	120
-1161	147
-1160	116
-1159	115
-1158	104
-1157	110
-1156	111
-1155	116
-1154	111
-1153	105
-1152	128
-1151	112
-1150	113
-1149	107
-1148	135
-1147	107
-1146	110
-1145	123
-1144	115
-1143	103
-1142	125
-1141	125
-1140	102
-1139	126
-1138	116
-1137	114
-1136	114
-1135	112
-1134	127
-1133	121
-1132	115
-1131	109
-1130	117
-1129	132
-1128	97
-1127	115
-1126	101
-1125	123
-1124	148
-1123	117
-1122	140
-1121	107
-1120	143
-1119	131
-1118	123
-1117	122
-1116	125
-1115	129
-1114	141
-1113	124
-1112	128
-1111	133
-1110	104
-1109	137
-1108	142
-1107	119
-1106	135
-1105	128
-1104	124
-1103	121
-1102	130
-1101	153
-1100	122
-1099	135
-1098	133
-1097	127
-1096	136
-1095	146
-1094	125
-1093	140
-1092	138
-1091	128
-1090	110
-1089	115
-1088	136
-1087	119
-1086	131
-1085	139
-1084	135
-1083	127
-1082	126
-1081	134
-1080	126
-1079	125
-1078	139
-1077	162
-1076	129
-1075	154
-1074	125
-1073	133
-1072	137
-1071	131
-1070	134
-1069	138
-1068	162
-1067	139
-1066	145
-1065	128
-1064	151
-1063	146
-1062	130
-1061	142
-1060	147
-1059	115
-1058	121
-1057	140
-1056	121
-1055	155
-1054	131
-1053	166
-1052	151
-1051	137
-1050	138
-1049	133
-1048	137
-1047	150
-1046	148
-1045	161
-1044	168
-1043	164
-1042	130
-1041	166
-1040	129
-1039	144
-1038	131
-1037	152
-1036	165
-1035	152
-1034	146
-1033	151
-1032	171
-1031	150
-1030	143
-1029	156
-1028	145
-1027	155
-1026	168
-1025	163
-1024	158
-1023	156
-1022	159
-1021	145
-1020	140
-1019	161
-1018	150
-1017	155
-1016	139
-1015	167
-1014	156
-1013	158
-1012	137
-1011	162
-1010	145
-1009	171
-1008	180
-1007	143
-1006	162
-1005	174
-1004	161
-1003	153
-1002	142
-1001	159
-1000	170
-999	154
-998	164
-997	167
-996	159
-995	163
-994	166
-993	173
-992	147
-991	167
-990	166
-989	163
-988	152
-987	154
-986	190
-985	192
-984	161
-983	161
-982	174
-981	150
-980	176
-979	170
-978	150
-977	161
-976	160
-975	143
-974	179
-973	181
-972	182
-971	166
-970	164
-969	173
-968	186
-967	171
-966	179
-965	210
-964	199
-963	204
-962	191
-961	176
-960	165
-959	156
-958	193
-957	173
-956	188
-955	201
-954	182
-953	157
-952	198
-951	180
-950	189
-949	184
-948	185
-947	163
-946	187
-945	196
-944	190
-943	184
-942	187
-941	204
-940	186
-939	160
-938	202
-937	192
-936	194
-935	180
-934	173
-933	188
-932	207
-931	172
-930	183
-929	205
-928	191
-927	189
-926	190
-925	190
-924	196
-923	197
-922	178
-921	199
-920	190
-919	218
-918	178
-917	197
-916	208
-915	206
-914	189
-913	179
-912	209
-911	204
-910	202
-909	193
-908	195
-907	197
-906	215
-905	199
-904	204
-903	234
-902	206
-901	216
-900	189
-899	241
-898	205
-897	190
-896	216
-895	210
-894	225
-893	222
-892	198
-891	225
-890	210
-889	213
-888	201
-887	190
-886	194
-885	233
-884	221
-883	199
-882	201
-881	222
-880	208
-879	224
-878	234
-877	212
-876	216
-875	242
-874	209
-873	207
-872	235
-871	233
-870	237
-869	238
-868	227
-867	239
-866	208
-865	228
-864	207
-863	241
-862	226
-861	228
-860	220
-859	243
-858	251
-857	228
-856	213
-855	250
-854	220
-853	233
-852	242
-851	238
-850	235
-849	210
-848	226
-847	217
-846	230
-845	229
-844	234
-843	245
-842	225
-841	218
-840	258
-839	204
-838	235
-837	240
-836	238
-835	226
-834	247
-833	231
-832	239
-831	263
-830	250
-829	252
-828	230
-827	237
-826	245
-825	257
-824	252
-823	252
-822	261
-821	254
-820	256
-819	260
-818	252
-817	255
-816	276
-815	256
-814	232
-813	278
-812	265
-811	252
-810	262
-809	251
-808	227
-807	238
-806	257
-805	278
-804	272
-803	264
-802	268
-801	272
-800	249
-799	233
-798	267
-797	263
-796	275
-795	259
-794	269
-793	260
-792	277
-791	299
-790	240
-789	259
-788	273
-787	248
-786	274
-785	286
-784	243
-783	278
-782	272
-781	276
-780	260
-779	287
-778	272
-777	264
-776	280
-775	285
-774	252
-773	272
-772	283
-771	301
-770	288
-769	285
-768	268
-767	283
-766	287
-765	280
-764	276
-763	300
-762	288
-761	298
-760	253
-759	280
-758	293
-757	279
-756	315
-755	289
-754	253
-753	267
-752	288
-751	307
-750	291
-749	315
-748	308
-747	310
-746	281
-745	296
-744	296
-743	312
-742	303
-741	282
-740	302
-739	351
-738	304
-737	290
-736	302
-735	325
-734	340
-733	315
-732	307
-731	346
-730	296
-729	305
-728	329
-727	286
-726	344
-725	311
-724	303
-723	316
-722	321
-721	330
-720	312
-719	304
-718	297
-717	280
-716	307
-715	323
-714	340
-713	309
-712	312
-711	349
-710	323
-709	344
-708	335
-707	311
-706	336
-705	312
-704	337
-703	326
-702	325
-701	319
-700	337
-699	331
-698	337
-697	376
-696	290
-695	324
-694	322
-693	353
-692	338
-691	350
-690	326
-689	339
-688	332
-687	340
-686	336
-685	373
-684	379
-683	345
-682	378
-681	335
-680	355
-679	360
-678	356
-677	326
-676	343
-675	325
-674	364
-673	384
-672	357
-671	380
-670	352
-669	359
-668	351
-667	347
-666	372
-665	365
-664	346
-663	351
-662	364
-661	386
-660	372
-659	365
-658	331
-657	356
-656	375
-655	377
-654	378
-653	358
-652	350
-651	413
-650	400
-649	382
-648	367
-647	358
-646	358
-645	420
-644	394
-643	404
-642	381
-641	400
-640	385
-639	388
-638	402
-637	379
-636	368
-635	374
-634	356
-633	366
-632	420
-631	365
-630	391
-629	424
-628	367
-627	390
-626	392
-625	437
-624	412
-623	381
-622	387
-621	365
-620	375
-619	380
-618	425
-617	415
-616	431
-615	390
-614	386
-613	410
-612	447
-611	411
-610	411
-609	441
-608	416
-607	381
-606	405
-605	426
-604	421
-603	373
-602	433
-601	415
-600	413
-599	408
-598	417
-597	398
-596	403
-595	409
-594	446
-593	440
-592	432
-591	431
-590	442
-589	465
-588	403
-587	427
-586	438
-585	405
-584	405
-583	444
-582	419
-581	430
-580	405
-579	423
-578	441
-577	447
-576	424
-575	437
-574	433
-573	447
-572	474
-571	428
-570	446
-569	457
-568	422
-567	484
-566	438
-565	428
-564	429
-563	421
-562	428
-561	428
-560	423
-559	458
-558	456
-557	454
-556	458
-555	459
-554	474
-553	481
-552	457
-551	491
-550	473
-549	417
-548	469
-547	461
-546	452
-545	444
-544	429
-543	523
-542	452
-541	467
-540	454
-539	500
-538	472
-537	460
-536	475
-535	482
-534	473
-533	446
-532	512
-531	490
-530	468
-529	494
-528	491
-527	504
-526	517
-525	476
-524	488
-523	495
-522	503
-521	510
-520	488
-519	548
-518	484
-517	524
-516	517
-515	494
-514	525
-513	523
-512	519
-511	516
-510	505
-509	480
-508	570
-507	497
-506	511
-505	505
-504	515
-503	573
-502	525
-501	526
-500	520
-499	524
-498	522
-497	602
-496	509
-495	531
-494	554
-493	527
-492	538
-491	517
-490	508
-489	515
-488	509
-487	487
-486	515
-485	519
-484	556
-483	502
-482	568
-481	538
-480	534
-479	529
-478	548
-477	580
-476	537
-475	594
-474	557
-473	568
-472	540
-471	537
-470	528
-469	512
-468	563
-467	514
-466	579
-465	545
-464	556
-463	510
-462	577
-461	599
-460	613
-459	541
-458	529
-457	568
-456	593
-455	538
-454	600
-453	543
-452	553
-451	562
-450	573
-449	599
-448	592
-447	581
-446	584
-445	595
-444	588
-443	646
-442	543
-441	595
-440	570
-439	582
-438	591
-437	596
-436	585
-435	595
-434	627
-433	553
-432	601
-431	628
-430	535
-429	608
-428	569
-427	644
-426	640
-425	611
-424	600
-423	584
-422	631
-421	555
-420	615
-419	613
-418	637
-417	583
-416	604
-415	647
-414	606
-413	623
-412	574
-411	592
-410	601
-409	651
-408	627
-407	616
-406	633
-405	658
-404	644
-403	622
-402	640
-401	656
-400	642
-399	608
-398	663
-397	645
-396	612
-395	643
-394	645
-393	681
-392	632
-391	602
-390	708
-389	680
-388	687
-387	676
-386	720
-385	634
-384	670
-383	667
-382	646
-381	693
-380	662
-379	629
-378	670
-377	705
-376	634
-375	648
-374	665
-373	673
-372	652
-371	699
-370	675
-369	666
-368	692
-367	675
-366	683
-365	699
-364	667
-363	658
-362	650
-361	717
-360	665
-359	676
-358	700
-357	657
-356	696
-355	683
-354	645
-353	677
-352	709
-351	656
-350	701
-349	746
-348	688
-347	665
-346	691
-345	675
-344	674
-343	720
-342	711
-341	661
-340	696
-339	752
-338	754
-337	712
-336	737
-335	767
-334	732
-333	775
-332	729
-331	724
-330	737
-329	731
-328	784
-327	743
-326	780
-325	736
-324	670
-323	790
-322	757
-321	745
-320	740
-319	703
-318	772
-317	769
-316	757
-315	771
-314	735
-313	781
-312	816
-311	772
-310	802
-309	762
-308	702
-307	790
-306	760
-305	720
-304	752
-303	757
-302	793
-301	768
-300	711
-299	786
-298	795
-297	726
-296	788
-295	801
-294	749
-293	752
-292	763
-291	745
-290	721
-289	770
-288	795
-287	794
-286	837
-285	768
-284	778
-283	744
-282	853
-281	775
-280	843
-279	827
-278	811
-277	814
-276	811
-275	777
-274	806
-273	793
-272	853
-271	814
-270	787
-269	822
-268	822
-267	876
-266	837
-265	812
-264	821
-263	834
-262	854
-261	889
-260	807
-259	840
-258	849
-257	870
-256	853
-255	788
-254	852
-253	852
-252	840
-251	832
-250	839
-249	846
-248	859
-247	877
-246	943
-245	858
-244	816
-243	833
-242	888
-241	875
-240	844
-239	881
-238	865
-237	820
-236	850
-235	833
-234	864
-233	845
-232	827
-231	848
-230	937
-229	919
-228	863
-227	850
-226	853
-225	906
-224	882
-223	879
-222	879
-221	864
-220	916
-219	904
-218	902
-217	833
-216	892
-215	922
-214	887
-213	866
-212	919
-211	877
-210	939
-209	894
-208	855
-207	876
-206	925
-205	898
-204	876
-203	909
-202	902
-201	978
-200	897
-199	941
-198	920
-197	906
-196	892
-195	934
-194	942
-193	901
-192	933
-191	965
-190	939
-189	942
-188	957
-187	907
-186	920
-185	933
-184	938
-183	917
-182	899
-181	960
-180	924
-179	947
-178	944
-177	990
-176	941
-175	971
-174	901
-173	931
-172	926
-171	960
-170	921
-169	972
-168	919
-167	960
-166	946
-165	924
-164	927
-163	980
-162	925
-161	904
-160	949
-159	975
-158	969
-157	959
-156	1009
-155	905
-154	947
-153	985
-152	996
-151	1001
-150	966
-149	972
-148	1009
-147	1038
-146	990
-145	985
-144	992
-143	955
-142	978
-141	1011
-140	958
-139	979
-138	941
-137	999
-136	948
-135	1000
-134	1023
-133	950
-132	974
-131	992
-130	955
-129	1018
-128	955
-127	964
-126	997
-125	980
-124	1011
-123	984
-122	987
-121	1040
-120	942
-119	998
-118	1029
-117	997
-116	1024
-115	977
-114	1082
-113	970
-112	1008
-111	1051
-110	1028
-109	1000
-108	1011
-107	1020
-106	1065
-105	1013
-104	1054
-103	1069
-102	1036
-101	1002
-100	1040
-99	1018
-98	1087
-97	1056
-96	1024
-95	1035
-94	1058
-93	1000
-92	1038
-91	1035
-90	1037
-89	1022
-88	1083
-87	997
-86	1059
-85	1028
-84	1062
-83	1066
-82	1033
-81	988
-80	1040
-79	1058
-78	1058
-77	1069
-76	1052
-75	1118
-74	1047
-73	1093
-72	1056
-71	1092
-70	1051
-69	1096
-68	1089
-67	1022
-66	1074
-65	1099
-64	1043
-63	1041
-62	1019
-61	1063
-60	1013
-59	1032
-58	1082
-57	1035
-56	1028
-55	1069
-54	1022
-53	1054
-52	1091
-51	1065
-50	1038
-49	1053
-48	1087
-47	1025
-46	1006
-45	1111
-44	1062
-43	1131
-42	1049
-41	1065
-40	1050
-39	1147
-38	1037
-37	1050
-36	1078
-35	1081
-34	1039
-33	1087
-32	1036
-31	1126
-30	1121
-29	1046
-28	1025
-27	1068
-26	1067
-25	1086
-24	1079
-23	1174
-22	1046
-21	1071
-20	1129
-19	1003
-18	1125
-17	1062
-16	1053
-15	1050
-14	1173
-13	1078
-12	1073
-11	1072
-10	1072
-9	1087
-8	1086
-7	1049
-6	1072
-5	1086
-4	1106
-3	1103
-2	1135
-1	1064
0	1111
1	1101
2	1114
3	1097
4	1053
5	1102
6	1113
7	1102
8	1120
9	1112
10	1090
11	1089
12	1074
13	1042
14	1063
15	1010
16	1087
17	1090
18	1078
19	1152
20	1086
21	1053
22	1095
23	1076
24	1141
25	1089
26	1068
27	1080
28	1093
29	1080
30	1091
31	1139
32	1103
33	1064
34	1093
35	1127
36	1054
37	1088
38	1036
39	1090
40	1003
41	1078
42	1101
43	1064
44	1047
45	1022
46	1088
47	1089
48	1114
49	1064
50	1070
51	1049
52	1116
53	1053
54	1039
55	1047
56	1111
57	1108
58	1080
59	1059
60	1023
61	1052
62	1053
63	1004
64	1087
65	1044
66	1138
67	1078
68	1068
69	1039
70	1068
71	1074
72	1086
73	1084
74	1044
75	1035
76	1051
77	1080
78	1018
79	1006
80	1034
81	1068
82	1094
83	1056
84	1114
85	1049
86	1020
87	997
88	1077
89	1043
90	1015
91	1082
92	1015
93	1013
94	1094
95	1023
96	1036
97	1037
98	1002
99	1037
100	1068
101	988
102	1053
103	1045
104	1017
105	1000
106	1046
107	1012
108	1070
109	977
110	1018
111	1022
112	1020
113	985
114	1017
115	963
116	985
117	1006
118	1013
119	983
120	1049
121	986
122	1019
123	1017
124	1000
125	1063
126	1054
127	1025
128	1004
129	990
130	973
131	1032
132	947
133	959
134	949
135	1019
136	1014
137	961
138	1016
139	964
140	1003
141	1006
142	1015
143	997
144	984
145	1031
146	950
147	976
148	1002
149	941
150	995
151	992
152	910
153	957
154	976
155	954
156	991
157	919
158	960
159	994
160	952
161	987
162	996
163	952
164	924
165	911
166	941
167	953
168	930
169	894
170	927
171	942
172	915
173	978
174	959
175	953
176	959
177	898
178	892
179	1023
180	964
181	957
182	953
183	893
184	949
185	956
186	957
187	946
188	983
189	933
190	917
191	925
192	890
193	901
194	901
195	903
196	959
197	914
198	927
199	869
200	902
201	963
202	857
203	915
204	895
205	881
206	931
207	894
208	880
209	908
210	882
211	865
212	869
213	903
214	923
215	862
216	896
217	860
218	880
219	887
220	883
221	903
222	862
223	918
224	874
225	887
226	871
227	862
228	892
229	866
230	856
231	904
232	892
233	841
234	812
235	876
236	900
237	849
238	824
239	874
240	851
241	830
242	854
243	883
244	826
245	820
246	805
247	875
248	891
249	823
250	831
251	833
252	831
253	844
254	832
255	828
256	870
257	881
258	854
259	798
260	802
261	810
262	829
263	807
264	848
265	836
266	871
267	773
268	832
269	786
270	805
271	808
272	808
273	848
274	794
275	836
276	793
277	795
278	795
279	860
280	735
281	786
282	809
283	753
284	781
285	783
286	822
287	802
288	783
289	746
290	772
291	781
292	828
293	799
294	794
295	732
296	786
297	758
298	834
299	795
300	750
301	833
302	767
303	839
304	774
305	773
306	774
307	789
308	738
309	732
310	779
311	745
312	761
313	816
314	750
315	758
316	765
317	783
318	782
319	799
320	734
321	721
322	796
323	749
324	763
325	762
326	720
327	768
328	739
329	747
330	734
331	783
332	721
333	722
334	728
335	722
336	771
337	725
338	716
339	713
340	744
341	698
342	703
343	689
344	706
345	663
346	706
347	707
348	692
349	693
350	673
351	691
352	687
353	744
354	673
355	722
356	691
357	712
358	680
359	718
360	680
361	752
362	685
363	650
364	683
365	733
366	679
367	737
368	682
369	687
370	675
371	695
372	702
373	671
374	707
375	628
376	639
377	695
378	651
379	658
380	643
381	651
382	700
383	653
384	654
385	670
386	638
387	621
388	634
389	652
390	657
391	658
392	665
393	620
394	635
395	641
396	604
397	629
398	635
399	600
400	599
401	591
402	627
403	665
404	599
405	648
406	659
407	654
408	642
409	645
410	640
411	589
412	645
413	604
414	606
415	614
416	595
417	605
418	605
419	601
420	594
421	600
422	580
423	606
424	587
425	556
426	639
427	631
428	614
429	584
430	555
431	624
432	579
433	578
434	580
435	626
436	603
437	592
438	548
439	557
440	562
441	596
442	590
443	548
444	557
445	588
446	598
447	576
448	553
449	583
450	569
451	555
452	557
453	591
454	586
455	531
456	564
457	600
458	556
459	595
460	574
461	624
462	612
463	577
464	539
465	538
466	542
467	573
468	569
469	547
470	529
471	562
472	527
473	538
474	503
475	538
476	538
477	577
478	528
479	569
480	544
481	509
482	527
483	536
484	550
485	537
486	508
487	560
488	539
489	549
490	610
491	525
492	507
493	569
494	504
495	524
496	528
497	502
498	531
499	489
500	559
501	518
502	510
503	502
504	503
505	482
506	545
507	485
508	494
509	527
510	492
511	490
512	448
513	526
514	503
515	490
516	459
517	487
518	465
519	485
520	487
521	487
522	504
523	467
524	453
525	466
526	471
527	432
528	494
529	513
530	511
531	456
532	477
533	475
534	504
535	480
536	496
537	466
538	489
539	493
540	456
541	466
542	475
543	450
544	468
545	495
546	468
547	467
548	458
549	426
550	468
551	485
552	465
553	467
554	447
555	441
556	420
557	462
558	458
559	500
560	438
561	440
562	447
563	468
564	477
565	481
566	490
567	486
568	407
569	431
570	420
571	455
572	393
573	476
574	460
575	433
576	470
577	450
578	452
579	430
580	405
581	436
582	411
583	466
584	430
585	430
586	422
587	419
588	428
589	439
590	438
591	402
592	427
593	385
594	414
595	410
596	437
597	416
598	419
599	377
600	426
601	423
602	440
603	395
604	412
605	428
606	423
607	383
608	428
609	360
610	425
611	408
612	434
613	422
614	417
615	466
616	417
617	419
618	377
619	400
620	393
621	383
622	410
623	416
624	398
625	388
626	398
627	391
628	419
629	410
630	392
631	385
632	392
633	390
634	404
635	353
636	389
637	392
638	395
639	381
640	421
641	316
642	400
643	331
644	389
645	372
646	379
647	363
648	379
649	342
650	358
651	371
652	361
653	375
654	374
655	379
656	336
657	364
658	383
659	369
660	351
661	357
662	317
663	351
664	351
665	372
666	333
667	376
668	340
669	356
670	376
671	352
672	330
673	365
674	381
675	335
676	345
677	298
678	347
679	332
680	362
681	337
682	357
683	337
684	330
685	341
686	378
687	294
688	348
689	327
690	326
691	351
692	342
693	355
694	347
695	332
696	317
697	342
698	346
699	308
700	298
701	309
702	328
703	314
704	362
705	337
706	322
707	301
708	347
709	314
710	322
711	330
712	330
713	327
714	311
715	320
716	310
717	294
718	354
719	346
720	308
721	301
722	306
723	333
724	308
725	295
726	328
727	342
728	310
729	312
730	313
731	291
732	303
733	319
734	290
735	281
736	298
737	300
738	311
739	325
740	308
741	300
742	296
743	270
744	321
745	306
746	291
747	317
748	277
749	294
750	315
751	287
752	292
753	333
754	291
755	335
756	309
757	307
758	291
759	283
760	302
761	274
762	276
763	255
764	317
765	291
766	270
767	287
768	296
769	283
770	272
771	291
772	292
773	291
774	279
775	274
776	251
777	271
778	271
779	232
780	292
781	255
782	268
783	256
784	284
785	266
786	243
787	272
788	276
789	235
790	239
791	279
792	298
793	256
794	278
795	254
796	278
797	225
798	268
799	243
800	272
801	273
802	275
803	263
804	251
805	263
806	256
807	253
808	232
809	253
810	251
811	259
812	272
813	283
814	262
815	243
816	245
817	276
818	239
819	269
820	240
821	266
822	257
823	232
824	257
825	281
826	234
827	263
828	254
829	254
830	245
831	229
832	232
833	232
834	249
835	252
836	220
837	272
838	253
839	243
840	241
841	233
842	204
843	261
844	236
845	244
846	230
847	250
848	240
849	224
850	226
851	236
852	226
853	235
854	239
855	205
856	238
857	243
858	222
859	233
860	231
861	235
862	211
863	216
864	238
865	193
866	229
867	219
868	242
869	205
870	208
871	245
872	235
873	229
874	209
875	220
876	201
877	222
878	201
879	240
880	215
881	194
882	229
883	211
884	207
885	186
886	211
887	202
888	227
889	206
890	209
891	217
892	214
893	212
894	216
895	220
896	174
897	197
898	210
899	209
900	199
901	218
902	225
903	183
904	181
905	193
906	192
907	197
908	185
909	212
910	201
911	175
912	223
913	227
914	191
915	211
916	216
917	192
918	195
919	207
920	202
921	191
922	192
923	219
924	189
925	210
926	188
927	209
928	195
929	200
930	196
931	201
932	202
933	190
934	237
935	183
936	178
937	209
938	211
939	198
940	192
941	222
942	162
943	170
944	167
945	212
946	183
947	167
948	181
949	216
950	181
951	193
952	171
953	174
954	188
955	175
956	165
957	173
958	186
959	166
960	154
961	180
962	181
963	170
964	181
965	171
966	170
967	160
968	171
969	180
970	177
971	165
972	173
973	185
974	169
975	159
976	190
977	180
978	186
979	163
980	164
981	139
982	169
983	154
984	172
985	177
986	154
987	147
988	165
989	154
990	176
991	172
992	165
993	159
994	182
995	168
996	169
997	167
998	163
999	175
1000	184
1001	177
1002	162
1003	159
1004	166
1005	154
1006	160
1007	156
1008	151
1009	165
1010	150
1011	165
1012	159
1013	144
1014	160
1015	149
1016	163
1017	130
1018	169
1019	169
1020	184
1021	155
1022	150
1023	162
1024	129
1025	151
1026	160
1027	150
1028	168
1029	149
1030	132
1031	155
1032	163
1033	154
1034	180
1035	162
1036	146
1037	146
1038	155
1039	165
1040	143
1041	129
1042	134
1043	135
1044	132
1045	153
1046	163
1047	149
1048	136
1049	133
1050	133
1051	129
1052	128
1053	148
1054	145
1055	152
1056	121
1057	145
1058	148
1059	131
1060	141
1061	141
1062	133
1063	157
1064	137
1065	141
1066	129
1067	140
1068	134
1069	135
1070	165
1071	137
1072	129
1073	147
1074	140
1075	137
1076	156
1077	150
1078	133
1079	134
1080	148
1081	121
1082	132
1083	131
1084	143
1085	132
1086	148
1087	118
1088	127
1089	123
1090	115
1091	118
1092	133
1093	149
1094	123
1095	115
1096	116
1097	136
1098	134
1099	105
1100	134
1101	116
1102	124
1103	143
1104	134
1105	122
1106	140
1107	117
1108	95
1109	130
1110	128
1111	116
1112	133
1113	115
1114	117
1115	113
1116	120
1117	131
1118	134
1119	139
1120	108
1121	112
1122	125
1123	125
1124	132
1125	118
1126	124
1127	133
1128	112
1129	150
1130	126
1131	104
1132	127
1133	118
1134	109
1135	118
1136	119
1137	137
1138	106
1139	130
1140	122
1141	108
1142	119
1143	114
1144	102
1145	133
1146	133
1147	124
1148	129
1149	99
1150	114
1151	99
1152	104
1153	121
1154	123
1155	121
1156	113
1157	126
1158	122
1159	109
1160	122
1161	111
1162	118
1163	118
1164	114
1165	100
1166	111
1167	95
1168	124
1169	98
1170	107
1171	100
1172	84
1173	119
1174	132
1175	117
1176	107
1177	111
1178	136
1179	87
1180	97
1181	87
1182	125
1183	124
1184	105
1185	130
1186	119
1187	99
1188	100
1189	99
1190	107
1191	95
1192	88
1193	104
1194	99
1195	97
1196	86
1197	109
1198	106
1199	95
1200	103
1201	113
1202	99
1203	103
1204	107
1205	95
1206	91
1207	112
1208	108
1209	124
1210	109
1211	75
1212	77
1213	101
1214	90
1215	99
1216	109
1217	94
1218	101
1219	93
1220	101
1221	111
1222	110
1223	97
1224	89
1225	105
1226	110
1227	108
1228	80
1229	113
1230	104
1231	87
1232	97
1233	95
1234	83
1235	94
1236	98
1237	108
1238	103
1239	84
1240	92
1241	87
1242	101
1243	97
1244	96
1245	95
1246	80
1247	79
1248	89
1249	98
1250	93
1251	90
1252	102
1253	97
1254	91
1255	107
1256	82
1257	93
1258	108
1259	90
1260	86
1261	83
1262	74
1263	74
1264	93
1265	81
1266	86
1267	88
1268	80
1269	86
1270	77
1271	99
1272	91
1273	90
1274	75
1275	93
1276	94
1277	85
1278	92
1279	98
1280	93
1281	91
1282	87
1283	90
1284	86
1285	74
1286	74
1287	89
1288	84
1289	82
1290	72
1291	93
1292	77
1293	85
1294	81
1295	75
1296	93
1297	68
1298	85
1299	74
1300	88
1301	66
1302	83
1303	60
1304	76
1305	85
1306	80
1307	97
1308	95
1309	85
1310	78
1311	77
1312	74
1313	82
1314	72
1315	73
1316	88
1317	75
1318	74
1319	71
1320	70
1321	71
1322	77
1323	88
1324	81
1325	83
1326	92
1327	87
1328	55
1329	89
1330	74
1331	84
1332	78
1333	91
1334	70
1335	78
1336	63
1337	79
1338	75
1339	77
1340	78
1341	68
1342	74
1343	70
1344	68
1345	75
1346	69
1347	72
1348	72
1349	64
1350	96
1351	67
1352	92
1353	83
1354	77
1355	71
1356	75
1357	63
1358	77
1359	78
1360	72
1361	60
1362	63
1363	64
1364	66
1365	84
1366	61
1367	86
1368	62
1369	61
1370	90
1371	62
1372	75
1373	69
1374	77
1375	72
1376	74
1377	74
1378	63
1379	57
1380	78
1381	54
1382	57
1383	59
1384	56
1385	66
1386	61
1387	77
1388	67
1389	51
1390	66
1391	76
1392	59
1393	64
1394	73
1395	69
1396	56
1397	75
1398	73
1399	73
1400	58
1401	69
1402	67
1403	69
1404	85
1405	67
1406	60
1407	79
1408	57
1409	61
1410	65
1411	67
1412	83
1413	64
1414	64
1415	65
1416	72
1417	70
1418	65
1419	79
1420	70
1421	66
1422	88
1423	62
1424	68
1425	66
1426	64
1427	59
1428	69
1429	48
1430	66
1431	62
1432	77
1433	62
1434	69
1435	79
1436	59
1437	64
1438	57
1439	64
1440	56
1441	60
1442	55
1443	52
1444	59
1445	52
1446	57
1447	67
1448	60
1449	54
1450	56
1451	43
1452	58
1453	70
1454	59
1455	39
1456	64
1457	45
1458	53
1459	61
1460	58
1461	56
1462	55
1463	53
1464	63
1465	58
1466	60
1467	58
1468	56
1469	59
1470	63
1471	64
1472	63
1473	45
1474	48
1475	53
1476	59
1477	64
1478	59
1479	57
1480	53
1481	45
1482	53
1483	55
1484	64
1485	63
1486	43
1487	61
1488	62
1489	43
1490	43
1491	51
1492	51
1493	52
1494	54
1495	51
1496	53
1497	51
1498	48
1499	51
1500	67
1501	47
1502	41
1503	55
1504	53
1505	60
1506	45
1507	50
1508	53
1509	50
1510	55
1511	47
1512	44
1513	51
1514	48
1515	60
1516	54
1517	46
1518	55
1519	54
1520	45
1521	53
1522	47
1523	53
1524	56
1525	40
1526	55
1527	45
1528	45
1529	48
1530	43
1531	67
1532	50
1533	58
1534	54
1535	51
1536	49
1537	52
1538	58
1539	52
1540	47
1541	47
1542	45
1543	49
1544	55
1545	51
1546	37
1547	42
1548	50
1549	51
1550	45
1551	40
1552	65
1553	55
1554	45
1555	54
1556	38
1557	51
1558	62
1559	52
1560	56
1561	51
1562	45
1563	43
1564	49
1565	49
1566	43
1567	39
1568	38
1569	53
1570	38
1571	37
1572	42
1573	42
1574	43
1575	43
1576	52
1577	36
1578	45
1579	43
1580	45
1581	38
1582	36
1583	40
1584	55
1585	55
1586	40
1587	46
1588	31
1589	35
1590	47
1591	33
1592	40
1593	34
1594	59
1595	45
1596	41
1597	39
1598	36
1599	47
1600	39
1601	36
1602	41
1603	51
1604	31
1605	55
1606	46
1607	36
1608	29
1609	38
1610	44
1611	34
1612	39
1613	39
1614	36
1615	43
1616	45
1617	32
1618	37
1619	39
1620	38
1621	36
1622	42
1623	37
1624	48
1625	40
1626	26
1627	35
1628	42
1629	41
1630	47
1631	36
1632	37
1633	47
1634	42
1635	44
1636	41
1637	42
1638	43
1639	35
1640	40
1641	36
1642	31
1643	43
1644	45
1645	30
1646	41
1647	42
1648	35
1649	36
1650	39
1651	49
1652	32
1653	48
1654	44
1655	29
1656	33
1657	42
1658	45
1659	42
1660	39
1661	41
1662	39
1663	36
1664	40
1665	35
1666	28
1667	35
1668	32
1669	33
1670	36
1671	57
1672	28
1673	45
1674	43
1675	32
1676	28
1677	38
1678	41
1679	45
1680	37
1681	36
1682	44
1683	43
1684	48
1685	38
1686	39
1687	41
1688	50
1689	27
1690	33
1691	31
1692	41
1693	40
1694	50
1695	31
1696	33
1697	46
1698	34
1699	42
1700	34
1701	39
1702	32
1703	42
1704	36
1705	33
1706	24
1707	34
1708	28
1709	31
1710	33
1711	33
1712	34
1713	49
1714	37
1715	37
1716	44
1717	42
1718	37
1719	26
1720	28
1721	33
1722	29
1723	37
1724	32
1725	32
1726	39
1727	35
1728	28
1729	26
1730	41
1731	22
1732	31
1733	42
1734	36
1735	40
1736	30
1737	36
1738	24
1739	31
1740	33
1741	27
1742	24
1743	30
1744	29
1745	24
1746	24
1747	28
1748	32
1749	34
1750	34
1751	28
1752	36
1753	36
1754	26
1755	33
1756	31
1757	31
1758	29
1759	32
1760	35
1761	32
1762	32
1763	34
1764	30
1765	26
1766	32
1767	44
1768	27
1769	34
1770	21
1771	28
1772	35
1773	31
1774	22
1775	27
1776	25
1777	33
1778	31
1779	26
1780	21
1781	35
1782	32
1783	26
1784	30
1785	38
1786	35
1787	29
1788	36
1789	34
1790	35
1791	27
1792	26
1793	30
1794	35
1795	21
1796	38
1797	22
1798	26
1799	27
1800	29
1801	26
1802	34
1803	14
1804	33
1805	27
1806	24
1807	27
1808	24
1809	26
1810	29
1811	25
1812	32
1813	19
1814	26
1815	32
1816	22
1817	25
1818	31
1819	32
1820	27
1821	26
1822	43
1823	23
1824	27
1825	27
1826	26
1827	39
1828	26
1829	26
1830	30
1831	30
1832	25
1833	24
1834	33
1835	30
1836	37
1837	26
1838	25
1839	25
1840	25
1841	22
1842	30
1843	23
1844	26
1845	26
1846	21
1847	29
1848	23
1849	24
1850	26
1851	22
1852	27
1853	25
1854	24
1855	24
1856	21
1857	32
1858	27
1859	25
1860	25
1861	32
1862	32
1863	42
1864	24
1865	38
1866	28
1867	21
1868	17
1869	31
1870	31
1871	22
1872	24
1873	30
1874	24
1875	26
1876	38
1877	29
1878	28
1879	24
1880	31
1881	36
1882	18
1883	27
1884	20
1885	21
1886	26
1887	23
1888	27
1889	21
1890	20
1891	21
1892	25
1893	25
1894	19
1895	24
1896	35
1897	19
1898	31
1899	18
1900	21
1901	20
1902	20
1903	25
1904	20
1905	33
1906	20
1907	23
1908	30
1909	22
1910	35
1911	18
1912	18
1913	24
1914	26
1915	22
1916	18
1917	28
1918	28
1919	22
1920	25
1921	20
1922	19
1923	23
1924	26
1925	27
1926	17
1927	23
1928	27
1929	24
1930	20
1931	25
1932	14
1933	23
1934	24
1935	19
1936	20
1937	17
1938	23
1939	30
1940	16
1941	23
1942	21
1943	21
1944	19
1945	12
1946	26
1947	23
1948	27
1949	24
1950	26
1951	16
1952	20
1953	21
1954	22
1955	14
1956	20
1957	28
1958	14
1959	21
1960	17
1961	17
1962	20
1963	9
1964	14
1965	16
1966	28
1967	19
1968	25
1969	21
1970	20
1971	16
1972	13
1973	26
1974	21
1975	13
1976	17
1977	17
1978	16
1979	16
1980	17
1981	25
1982	26
1983	26
1984	17
1985	22
1986	21
1987	12
1988	16
1989	14
1990	28
1991	16
1992	22
1993	9
1994	23
1995	23
1996	19
1997	22
1998	20
1999	24
2000	25
2001	13
2002	16
2003	16
2004	15
2005	24
2006	16
2007	14
2008	15
2009	12
2010	15
2011	20
2012	20
2013	20
2014	20
2015	24
2016	21
2017	25
2018	11
2019	18
2020	20
2021	15
2022	19
2023	19
2024	18
2025	17
2026	24
2027	20
2028	23
2029	21
2030	18
2031	21
2032	18
2033	26
2034	20
2035	12
2036	16
2037	17
2038	16
2039	14
2040	22
2041	17
2042	14
2043	15
2044	22
2045	22
2046	14
2047	15
2048	8
2049	19
2050	14
2051	22
2052	17
2053	16
2054	18
2055	17
2056	14
2057	17
2058	7
2059	21
2060	14
2061	18
2062	21
2063	14
2064	18
2065	17
2066	21
2067	16
2068	17
2069	11
2070	13
2071	20
2072	15
2073	14
2074	7
2075	19
2076	15
2077	26
2078	16
2079	15
2080	18
2081	14
2082	17
2083	23
2084	8
2085	20
2086	11
2087	11
2088	15
2089	19
2090	14
2091	21
2092	12
2093	23
2094	20
2095	9
2096	13
2097	16
2098	26
2099	21
2100	11
2101	15
2102	17
2103	12
2104	12
2105	14
2106	17
2107	19
2108	12
2109	16
2110	13
2111	15
2112	12
2113	29
2114	12
2115	13
2116	15
2117	19
2118	12
2119	20
2120	17
2121	23
2122	23
2123	17
2124	13
2125	15
2126	14
2127	18
2128	16
2129	14
2130	9
2131	11
2132	21
2133	21
2134	12
2135	12
2136	12
2137	11
2138	21
2139	18
2140	14
2141	15
2142	12
2143	15
2144	21
2145	22
2146	13
2147	11
2148	15
2149	17
2150	21
2151	24
2152	25
2153	14
2154	11
2155	10
2156	18
2157	15
2158	22
2159	14
2160	11
2161	9
2162	9
2163	14
2164	13
2165	16
2166	14
2167	15
2168	18
2169	14
2170	14
2171	12
2172	15
2173	16
2174	8
2175	14
2176	11
2177	18
2178	21
2179	14
2180	14
2181	16
2182	11
2183	15
2184	16
2185	7
2186	15
2187	13
2188	11
2189	14
2190	20
2191	13
2192	10
2193	10
2194	17
2195	12
2196	23
2197	7
2198	13
2199	11
2200	12
2201	12
2202	15
2203	16
2204	14
2205	12
2206	18
2207	12
2208	15
2209	9
2210	13
2211	9
2212	7
2213	15
2214	11
2215	18
2216	14
2217	10
2218	15
2219	12
2220	9
2221	19
2222	6
2223	10
2224	8
2225	13
2226	16
2227	9
2228	12
2229	9
2230	15
2231	17
2232	14
2233	15
2234	7
2235	6
2236	26
2237	18
2238	12
2239	12
2240	11
2241	17
2242	12
2243	14
2244	8
2245	13
2246	14
2247	17
2248	16
2249	10
2250	13
2251	7
2252	11
2253	6
2254	13
2255	12
2256	13
2257	15
2258	5
2259	10
2260	11
2261	11
2262	7
2263	12
2264	13
2265	6
2266	16
2267	11
2268	13
2269	12
2270	8
2271	7
2272	8
2273	9
2274	12
2275	12
2276	10
2277	9
2278	14
2279	15
2280	12
2281	15
2282	10
2283	15
2284	13
2285	6
2286	18
2287	13
2288	13
2289	8
2290	12
2291	15
2292	15
2293	8
2294	18
2295	11
2296	10
2297	9
2298	17
2299	9
2300	12
2301	13
2302	14
2303	12
2304	13
2305	11
2306	6
2307	7
2308	9
2309	14
2310	10
2311	11
2312	15
2313	10
2314	10
2315	9
2316	14
2317	7
2318	11
2319	8
2320	14
2321	11
2322	6
2323	9
2324	7
2325	11
2326	12
2327	10
2328	12
2329	12
2330	8
2331	12
2332	6
2333	10
2334	7
2335	8
2336	11
2337	9
2338	12
2339	10
2340	13
2341	11
2342	9
2343	8
2344	11
2345	10
2346	12
2347	13
2348	6
2349	13
2350	13
2351	11
2352	10
2353	8
2354	12
2355	11
2356	14
2357	10
2358	8
2359	8
2360	12
2361	10
2362	8
2363	8
2364	5
2365	8
2366	6
2367	12
2368	13
2369	7
2370	14
2371	11
2372	12
2373	9
2374	13
2375	7
2376	7
2377	10
2378	9
2379	9
2380	6
2381	9
2382	8
2383	12
2384	7
2385	7
2386	9
2387	8
2388	5
2389	11
2390	13
2391	16
2392	8
2393	10
2394	12
2395	13
2396	5
2397	9
2398	9
2399	13
2400	11
2401	9
2402	12
2403	13
2404	8
2405	9
2406	12
2407	9
2408	3
2409	8
2410	15
2411	7
2412	6
2413	7
2414	9
2415	6
2416	9
2417	15
2418	13
2419	7
2420	11
2421	3
2422	6
2423	9
2424	8
2425	7
2426	14
2427	13
2428	7
2429	8
2430	9
2431	6
2432	7
2433	8
2434	3
2435	12
2436	6
2437	10
2438	4
2439	3
2440	6
2441	8
2442	3
2443	6
2444	15
2445	8
2446	11
2447	13
2448	17
2449	6
2450	8
2451	6
2452	16
2453	7
2454	14
2455	9
2456	14
2457	11
2458	7
2459	4
2460	11
2461	4
2462	6
2463	2
2464	7
2465	7
2466	8
2467	9
2468	6
2469	9
2470	9
2471	10
2472	12
2473	6
2474	9
2475	6
2476	8
2477	7
2478	5
2479	7
2480	7
2481	10
2482	4
2483	11
2484	8
2485	10
2486	11
2487	4
2488	11
2489	7
2490	7
2491	4
2492	3
2493	10
2494	7
2495	7
2496	3
2497	4
2498	11
2499	14
2500	8
2501	7
2502	9
2503	5
2504	3
2505	6
2506	8
2507	8
2508	11
2509	4
2510	9
2511	8
2512	4
2513	8
2514	7
2515	6
2516	13
2517	10
2518	8
2519	8
2520	7
2521	7
2522	5
2523	8
2524	8
2525	2
2526	8
2527	16
2528	6
2529	13
2530	9
2531	5
2532	8
2533	5
2534	8
2535	6
2536	8
2537	10
2538	4
2539	5
2540	9
2541	7
2542	5
2543	4
2544	2
2545	9
2546	12
2547	7
2548	3
2549	9
2550	9
2551	7
2552	12
2553	5
2554	8
2555	9
2556	6
2557	7
2558	7
2559	9
2560	3
2561	10
2562	12
2563	6
2564	5
2565	6
2566	5
2567	5
2568	4
2569	8
2570	6
2571	3
2572	4
2573	7
2574	5
2575	7
2576	8
2577	9
2578	3
2579	5
2580	5
2581	5
2582	7
2583	6
2584	10
2585	16
2586	6
2587	3
2588	6
2589	10
2590	1
2591	7
2592	8
2593	11
2594	4
2595	7
2596	6
2597	5
2598	8
2599	4
2600	6
2601	9
2602	10
2603	5
2604	4
2605	9
2606	10
2607	3
2608	3
2609	3
2610	4
2611	9
2612	10
2613	9
2614	7
2615	10
2616	5
2617	4
2618	8
2619	11
2620	5
2621	2
2622	4
2623	5
2624	7
2625	2
2626	9
2627	3
2628	11
2629	8
2630	6
2631	4
2632	10
2633	4
2634	7
2635	3
2636	7
2637	6
2638	11
2639	6
2640	6
2641	8
2642	10
2643	11
2644	5
2645	8
2646	5
2647	5
2648	2
2649	6
2650	6
2651	11
2652	6
2653	1
2654	5
2655	9
2656	5
2657	9
2658	2
2659	4
2660	6
2661	6
2662	5
2663	9
2664	7
2665	7
2666	3
2667	7
2668	7
2669	4
2670	1
2671	5
2672	3
2673	5
2674	6
2675	9
2676	5
2677	6
2678	2
2679	3
2680	9
2681	4
2682	8
2683	6
2684	11
2685	6
2686	3
2687	8
2688	8
2689	6
2690	7
2691	5
2692	3
2693	6
2694	5
2695	6
2696	5
2697	7
2698	1
2699	5
2700	4
2701	7
2702	4
2703	8
2704	7
2705	7
2706	7
2707	9
2708	2
2709	5
2710	4
2711	4
2712	7
2713	4
2714	11
2715	5
2716	2
2717	4
2718	9
2719	5
2720	4
2721	5
2722	4
2723	4
2724	5
2725	5
2726	8
2727	4
2728	4
2729	3
2730	5
2731	7
2732	4
2733	5
2734	6
2735	11
2736	6
2737	7
2738	10
2739	3
2740	1
2741	4
2742	1
2743	6
2744	5
2745	7
2746	8
2747	8
2748	5
2749	7
2750	4
2751	5
2752	5
2753	3
2754	6
2755	5
2756	7
2757	8
2758	12
2759	5
2760	2
2761	3
2762	5
2763	3
2764	5
2765	3
2766	5
2767	3
2768	7
2769	2
2770	4
2771	4
2772	5
2773	5
2774	6
2775	4
2776	3
2777	3
2778	10
2779	6
2780	5
2781	2
2782	7
2783	6
2784	5
2785	2
2786	2
2787	6
2788	6
2789	4
2790	1
2791	5
2792	3
2793	6
2794	5
2795	7
2796	6
2797	4
2798	5
2799	3
2800	4
2801	2
2802	3
2803	8
2804	2
2805	6
2806	8
2807	1
2808	5
2809	2
2810	5
2811	8
2812	2
2813	4
2814	3
2815	7
2816	7
2817	5
2818	2
2820	3
2821	4
2822	8
2823	6
2824	3
2825	8
2826	4
2827	3
2828	4
2829	4
2830	5
2831	2
2832	5
2833	3
2834	8
2835	3
2836	5
2837	4
2838	3
2839	5
2840	4
2841	3
2842	6
2843	4
2844	3
2845	6
2846	5
2847	4
2848	3
2849	4
2850	7
2851	7
2852	3
2853	5
2854	3
2855	5
2856	3
2857	5
2858	4
2859	1
2860	2
2861	3
2862	5
2863	3
2864	5
2865	6
2866	5
2867	7
2868	2
2869	2
2870	5
2871	6
2872	3
2873	4
2874	5
2875	2
2876	3
2877	8
2878	2
2879	5
2880	2
2881	9
2882	1
2883	6
2884	6
2886	5
2887	4
2888	5
2889	2
2890	3
2891	3
2893	2
2894	2
2895	6
2896	6
2897	8
2898	6
2899	5
2900	6
2901	1
2902	5
2903	6
2904	5
2905	5
2906	1
2907	2
2908	5
2909	4
2910	3
2911	1
2912	3
2913	3
2914	6
2915	3
2917	4
2918	1
2919	2
2920	3
2921	5
2922	3
2923	2
2924	1
2925	1
2926	3
2927	2
2928	2
2929	3
2930	3
2931	3
2932	7
2933	5
2934	3
2935	1
2936	3
2937	1
2938	4
2939	5
2940	6
2941	2
2942	1
2943	4
2944	5
2945	2
2946	7
2947	3
2948	4
2950	3
2951	1
2952	4
2953	6
2954	4
2955	5
2956	2
2957	6
2958	1
2959	8
2960	2
2961	3
2962	1
2963	2
2964	1
2965	4
2966	5
2967	6
2968	2
2969	4
2970	3
2971	4
2972	2
2973	5
2974	2
2975	3
2976	3
2977	2
2978	1
2979	1
2980	4
2981	3
2982	2
2983	4
2984	5
2985	4
2986	3
2987	5
2988	1
2989	3
2990	2
2991	5
2992	5
2993	7
2994	1
2996	4
2997	2
2998	2
2999	4
3000	3
3001	3
3002	1
3003	3
3004	3
3005	7
3006	1
3007	2
3008	10
3010	5
3011	3
3012	3
3013	3
3014	6
3015	5
3016	3
3018	4
3019	1
3020	3
3021	7
3022	5
3023	3
3024	1
3025	6
3026	4
3027	2
3028	4
3029	4
3030	2
3031	1
3032	3
3033	3
3034	3
3035	2
3036	6
3037	2
3038	3
3039	3
3040	4
3041	6
3043	7
3044	4
3045	7
3046	1
3047	4
3048	4
3049	5
3050	3
3052	4
3053	2
3054	1
3055	2
3056	2
3057	2
3058	5
3059	1
3060	1
3061	3
3062	3
3063	4
3064	1
3065	3
3066	1
3067	3
3068	4
3069	1
3070	1
3071	2
3072	5
3073	6
3074	1
3075	4
3076	1
3077	2
3078	3
3079	3
3080	2
3081	4
3082	4
3083	2
3084	6
3085	1
3086	2
3087	2
3088	2
3089	1
3090	1
3091	1
3092	2
3093	5
3094	2
3095	4
3096	3
3097	4
3098	2
3099	3
3100	2
3101	4
3102	1
3103	2
3104	4
3105	1
3106	2
3107	4
3108	3
3109	2
3110	2
3111	3
3112	3
3113	1
3114	3
3115	2
3117	3
3119	2
3120	1
3121	6
3122	2
3123	2
3124	1
3125	2
3126	3
3127	1
3128	1
3129	2
3130	3
3131	1
3132	1
3134	1
3135	3
3136	3
3137	4
3138	2
3139	4
3140	1
3141	3
3142	3
3143	2
3144	1
3147	1
3148	3
3149	5
3150	2
3151	6
3152	5
3153	1
3154	3
3155	3
3156	4
3157	1
3158	2
3159	2
3160	1
3161	1
3162	3
3163	3
3164	3
3166	4
3167	8
3168	2
3169	6
3170	4
3171	2
3172	2
3173	2
3174	6
3175	3
3176	3
3177	2
3179	1
3180	4
3181	2
3182	2
3183	2
3184	1
3185	3
3186	2
3187	4
3188	1
3189	4
3191	3
3192	5
3193	4
3194	1
3195	1
3196	3
3197	1
3198	1
3200	2
3201	6
3202	3
3203	4
3204	2
3205	3
3206	1
3207	3
3208	4
3209	1
3210	3
3211	4
3212	3
3213	4
3214	1
3215	4
3216	2
3217	3
3218	4
3219	3
3220	2
3221	6
3222	1
3223	3
3224	3
3225	3
3226	4
3227	3
3228	1
3229	1
3230	3
3232	1
3234	3
3235	2
3236	3
3237	2
3238	2
3240	1
3241	2
3244	2
3245	2
3247	1
3248	2
3249	3
3250	1
3251	2
3252	4
3253	1
3254	3
3255	1
3256	2
3257	3
3258	1
3259	1
3260	1
3262	1
3263	4
3264	1
3265	3
3267	1
3268	5
3269	1
3270	4
3271	3
3272	1
3273	4
3274	4
3275	2
3276	1
3277	3
3278	1
3279	2
3280	2
3281	3
3283	3
3284	2
3286	3
3287	2
3288	2
3289	4
3290	2
3291	1
3292	1
3293	2
3294	1
3295	1
3296	3
3297	1
3298	2
3299	2
3300	2
3301	3
3302	2
3304	2
3305	3
3306	3
3310	1
3312	3
3313	2
3314	4
3315	2
3316	4
3317	1
3318	1
3319	4
3321	1
3322	4
3323	2
3324	3
3325	4
3326	3
3327	2
3328	1
3329	3
3330	2
3331	1
3332	3
3334	4
3335	2
3337	2
3338	2
3339	2
3340	1
3341	3
3342	2
3343	2
3344	2
3345	2
3346	1
3348	2
3349	3
3350	2
3351	2
3354	4
3355	2
3356	2
3357	3
3358	1
3359	4
3360	4
3361	4
3362	3
3363	1
3364	1
3365	1
3366	2
3367	3
3368	2
3369	2
3370	4
3371	2
3372	3
3373	2
3374	1
3375	2
3376	2
3377	2
3379	1
3381	1
3382	2
3383	3
3386	2
3387	1
3388	1
3390	3
3391	2
3392	3
3393	2
3394	2
3395	1
3396	2
3398	1
3399	1
3400	1
3401	2
3403	1
3404	3
3405	1
3406	2
3407	2
3409	1
3410	3
3411	6
3412	4
3413	3
3414	4
3415	1
3416	3
3418	2
3419	6
3421	1
3422	2
3424	2
3425	1
3427	2
3428	3
3431	1
3432	1
3433	3
3434	2
3435	3
3436	1
3437	4
3438	1
3439	1
3440	4
3441	3
3442	2
3443	2
3444	1
3446	2
3447	1
3448	1
3449	1
3451	4
3453	2
3454	1
3455	4
3456	4
3457	1
3458	2
3459	1
3460	2
3461	2
3462	3
3463	2
3464	2
3465	2
3466	1
3467	1
3468	1
3469	1
3470	1
3473	2
3474	2
3477	1
3478	1
3479	3
3481	3
3482	1
3483	4
3485	3
3486	2
3487	2
3488	3
3489	1
3490	1
3491	1
3492	3
3494	2
3495	4
3498	1
3501	2
3502	1
3503	2
3504	1
3506	1
3507	4
3509	3
3510	2
3511	1
3514	1
3515	1
3516	2
3517	1
3518	1
3520	1
3522	4
3526	2
3527	1
3528	1
3530	1
3533	1
3534	1
3536	4
3537	2
3539	1
3540	3
3541	1
3542	1
3543	1
3545	1
3546	1
3547	2
3548	1
3549	1
3550	2
3552	1
3554	2
3556	2
3557	1
3560	1
3562	1
3563	1
3564	1
3566	1
3567	1
3568	1
3569	2
3570	2
3572	2
3573	2
3574	1
3575	1
3576	2
3577	1
3578	1
3580	2
3582	2
3583	1
3585	1
3587	3
3588	1
3589	1
3591	3
3593	1
3595	1
3596	3
3597	2
3598	3
3600	2
3601	2
3602	2
3605	1
3606	1
3608	1
3609	1
3611	2
3612	2
3615	1
3616	2
3618	1
3619	1
3621	2
3622	1
3623	1
3627	2
3629	2
3630	1
3631	3
3632	1
3633	2
3634	1
3635	1
3637	2
3638	2
3640	2
3641	2
3642	2
3643	5
3644	2
3645	1
3646	1
3650	1
3652	3
3653	1
3655	4
3656	1
3658	1
3660	1
3663	2
3664	2
3665	1
3668	1
3670	3
3671	1
3672	1
3674	1
3675	1
3676	1
3677	1
3678	1
3679	3
3680	1
3681	1
3684	2
3688	2
3689	1
3690	1
3693	2
3694	1
3696	1
3698	1
3701	2
3702	1
3703	1
3705	1
3706	2
3707	1
3708	2
3710	1
3713	1
3714	1
3715	2
3719	1
3722	1
3723	1
3724	1
3725	1
3728	1
3730	1
3731	1
3732	1
3733	1
3735	1
3736	1
3738	1
3740	1
3741	2
3742	4
3743	1
3745	1
3746	1
3747	2
3748	1
3749	2
3750	1
3753	1
3754	1
3758	2
3759	1
3761	1
3762	2
3764	2
3765	2
3766	2
3767	3
3768	2
3769	1
3770	1
3771	2
3772	1
3774	2
3777	2
3778	1
3779	1
3781	2
3783	1
3785	1
3788	3
3789	1
3792	1
3793	1
3794	1
3795	1
3798	3
3803	1
3804	2
3806	1
3807	1
3808	1
3809	1
3810	1
3812	1
3814	1
3817	2
3818	1
3819	1
3820	2
3826	3
3827	3
3830	1
3831	1
3833	1
3834	1
3839	1
3840	1
3841	2
3842	1
3844	2
3845	2
3847	1
3850	3
3851	3
3856	2
3858	3
3859	2
3860	3
3862	1
3863	1
3864	3
3867	1
3868	1
3870	1
3871	1
3876	1
3877	2
3880	1
3882	1
3886	1
3888	2
3889	1
3893	3
3894	2
3896	1
3898	1
3899	1
3900	2
3901	2
3902	2
3903	1
3910	1
3914	1
3916	2
3918	1
3919	1
3920	2
3924	3
3925	1
3927	1
3928	3
3929	2
3930	1
3931	1
3934	3
3935	2
3937	3
3939	1
3940	2
3941	2
3943	1
3944	1
3945	1
3946	1
3947	1
3949	1
3954	1
3955	1
3957	2
3960	1
3963	1
3965	1
3968	1
3971	1
3973	1
3974	1
3976	1
3981	1
3985	1
3986	2
3988	2
3990	1
3992	1
3993	1
3996	1
3997	1
3998	1
4000	1
4001	1
4003	1
4005	1
4006	1
4007	2
4012	1
4013	1
4014	1
4015	1
4017	1
4018	2
4019	2
4021	1
4023	1
4024	1
4026	2
4028	1
4029	1
4030	1
4031	3
4034	1
4035	1
4038	2
4040	1
4041	1
4043	1
4044	1
4046	1
4050	2
4052	1
4053	1
4055	1
4056	2
4057	1
4059	1
4060	2
4061	1
4063	1
4066	1
4071	1
4072	2
4074	1
4075	1
4077	1
4080	1
4082	1
4084	1
4086	1
4087	1
4091	2
4093	1
4098	1
4100	1
4101	1
4103	2
4106	1
4108	1
4109	1
4110	1
4111	1
4112	1
4114	1
4116	1
4122	1
4124	1
4126	1
4128	1
4130	2
4132	1
4133	1
4134	2
4137	1
4140	3
4142	1
4143	2
4144	1
4146	1
4149	1
4151	1
4153	1
4154	1
4156	1
4158	1
4159	3
4161	1
4165	1
4170	1
4172	2
4173	1
4176	1
4177	2
4179	1
4181	1
4183	1
4184	1
4186	2
4188	1
4189	1
4194	3
4195	1
4197	1
4203	1
4204	2
4208	1
4210	1
4211	1
4212	1
4213	1
4215	1
4217	1
4219	1
4220	1
4224	1
4225	1
4228	1
4231	1
4235	1
4237	2
4239	1
4241	1
4247	1
4248	1
4251	1
4252	2
4253	2
4254	1
4255	2
4256	1
4266	2
4283	1
4284	2
4285	1
4286	2
4289	1
4291	1
4292	1
4294	1
4296	1
4300	2
4301	2
4302	1
4305	1
4309	1
4316	1
4320	1
4321	1
4322	1
4323	1
4329	1
4333	1
4334	1
4336	2
4342	1
4348	1
4351	1
4355	1
4356	1
4357	1
4358	1
4359	1
4362	2
4372	1
4376	1
4380	1
4383	2
4384	1
4385	1
4388	2
4390	1
4391	1
4393	1
4394	1
4396	1
4403	2
4404	1
4408	1
4411	1
4416	1
4418	1
4430	1
4432	1
4435	1
4439	1
4443	1
4444	2
4451	2
4452	1
4460	1
4465	1
4470	1
4477	1
4478	1
4479	1
4481	1
4482	1
4484	1
4487	1
4488	1
4489	1
4494	1
4502	1
4509	1
4522	1
4524	1
4527	1
4529	1
4530	1
4531	1
4532	1
4533	1
4534	2
4535	1
4537	1
4541	1
4547	1
4549	1
4551	1
4554	2
4557	1
4558	1
4560	1
4562	1
4565	1
4566	1
4569	1
4573	1
4578	1
4579	1
4580	1
4582	1
4583	1
4588	1
4590	1
4592	1
4593	1
4596	1
4609	1
4610	1
4611	1
4616	1
4617	1
4624	1
4627	1
4633	1
4636	1
4638	1
4640	2
4655	1
4659	1
4665	1
4671	1
4672	1
4674	1
4676	1
4681	1
4682	1
4683	2
4687	1
4688	1
4690	2
4692	1
4701	1
4702	1
4707	1
4709	1
4717	1
4720	1
4722	1
4728	1
4729	1
4731	2
4733	2
4736	1
4741	2
4749	1
4751	1
4753	2
4754	3
4755	1
4756	1
4760	1
4761	1
4765	2
4767	1
4770	1
4780	1
4783	1
4786	2
4796	1
4798	1
4799	1
4805	1
4814	1
4816	2
4828	1
4833	2
4836	1
4837	1
4842	1
4848	1
4857	1
4859	2
4866	1
4879	1
4880	1
4882	2
4894	1
4899	1
4906	1
4912	1
4918	1
4926	1
4930	1
4932	1
4942	1
4945	2
4950	1
4957	1
4961	1
4974	1
4978	2
4979	1
4981	1
4992	1
5000	1
5008	1
5013	1
5014	2
5021	2
5026	1
5044	1
5051	1
5060	1
5061	1
5075	1
5078	1
5090	1
5099	1
5113	1
5125	1
5126	1
5135	1
5137	1
5138	1
5139	1
5148	1
5151	1
5155	1
5157	1
5160	1
5168	1
5174	1
5189	1
5196	1
5204	1
5207	1
5212	1
5213	2
5214	1
5215	1
5217	1
5218	1
5229	1
5254	1
5255	3
5260	1
5270	1
5273	1
5285	2
5311	1
5313	1
5320	1
5324	1
5325	1
5328	1
5332	1
5333	1
5374	1
5393	1
5394	1
5411	1
5414	1
5420	1
5440	1
5448	1
5455	1
5477	1
5481	1
5489	1
5503	2
5507	2
5520	1
5524	1
5543	1
5564	1
5569	1
5589	1
5598	1
5616	1
5629	1
5638	1
5643	1
5650	1
5652	1
5665	1
5667	1
5674	1
5677	1
5680	1
5710	1
5723	1
5738	1
5750	1
5769	1
5773	1
5783	1
5786	1
5790	1
5799	1
5808	1
5809	1
5828	1
5832	1
5839	1
5842	1
5868	1
5887	1
5896	1
5926	1
5944	1
5966	1
5967	1
5991	1
5994	1
5998	1
6021	1
6053	1
6113	1
6125	1
6129	1
6156	1
6161	1
6211	1
6244	1
6248	1
6263	1
6269	1
6279	1
6475	1
6507	1
6555	1
6620	1
6638	1
6672	1
6709	1
6743	1
6745	1
6781	1
6809	1
6815	1
6830	1
6843	1
6844	1
6864	1
6922	1
6955	1
7029	1
7030	1
7164	1
7170	1
7178	1
7218	1
7239	1
7279	1
7282	1
7367	1
7481	1
7520	1
7550	1
7610	1
8125	1
